28765
28767
857
864
871
878
885
892
899
906
913
920
927
934
941
31
1237
1930
1932
9117
9119
9121
13255
13328
13669
24489
24491
24862
24867
24911
24921
24923
25029
25031
25199
25201
25251
25253
28669
28671
29207
2282
2924
2959
2960
2961
2962
29338
29563
29565
30621
30623
2362
30298
30454
30456
1263
1265
495
1284
1607
3862
3864
4375
4382
4475
4514
4564
4802
4806
4902
4906
4910
4914
4949
4950
5075
7233
9010
9077
9086
9088
9095
9130
9132
9235
9236
9238
9239
9241
9242
9284
9336
9346
9348
9408
9832
9898
9912
11753
11845
11854
11865
11874
11885
11894
11905
11914
11925
11934
11945
11954
11965
11974
11985
11994
12005
12014
12025
12034
12045
12054
12065
12074
12085
12094
12105
12114
12125
12134
12145
12154
12165
12174
12185
12194
12205
13237
13239
13241
13450
13532
13534
13630
13632
13739
13741
14007
14009
14065
14066
14071
14072
14077
14078
14083
14084
14089
14090
14095
14096
14193
14208
14303
14305
14365
14368
14371
14404
14409
14414
14419
14424
14432
14433
14434
14435
14450
14489
14491
14501
14522
14623
14625
14798
14800
14888
14913
14955
14962
14964
14966
14990
15112
15125
15149
15151
15152
15153
15155
15156
15158
15159
15161
15162
15685
23536
23585
23593
23650
23664
23783
23785
23838
23863
23892
23893
23940
23954
23979
24141
24155
24186
24188
24218
24220
24222
24232
24347
24397
24411
24448
25063
25074
25085
25096
25107
25118
25129
25140
25151
25162
25173
26936
26938
26951
26952
26955
26956
26959
26960
26963
26964
26967
26968
26971
26972
27123
27326
27330
27334
27338
27435
27491
27493
27515
27523
27531
27539
27547
27555
27563
27571
27579
27678
27742
27821
27894
28097
28649
28650
33909
33910
33912
33913
33915
33916
34069
34070
34073
34074
34077
34078
34081
34082
34084
34128
12338
13188
27492
27494
27746
27747
27753
27888
28145
28233
28234
33908
33911
33914
33969
33971
5490
436
1517
24968
27354
27403
27488
27906
27974
28015
28037
28103
28264
32675
32677
33139
33144
33149
33154
33159
34172
31669
31670
31671
31672
31674
31675
31676
31677
31678
31679
31680
31681
31682
31683
31684
31685
31686
31687
31688
31689
31690
31691
31692
31693
31694
31695
31696
31698
31699
31700
31701
31702
31703
31704
31705
31706
31707
31708
31709
31710
31711
31712
31713
31714
31715
31716
31717
31718
31719
31720
31722
31723
31724
31725
31726
31727
31728
31729
31730
31731
31732
31733
31734
31735
31736
31737
31738
31739
31740
31741
31742
31743
31744
31746
31747
31748
31749
31750
31751
31752
31753
31754
31755
31756
31757
31758
31759
31760
31761
31762
31763
31764
31765
31766
31767
31768
31770
31771
31772
31773
31774
31775
31776
31777
31778
31779
31780
31781
31782
31783
31784
31785
31786
31787
31788
31789
31790
31791
31792
31794
31795
31796
31797
31798
31799
31800
31801
31802
31803
31804
31805
31806
31807
31808
31809
31810
31811
31812
31813
31814
31815
31816
31818
31819
31820
31821
31822
31823
31824
31825
31826
31827
31828
31829
31830
31831
31832
31833
31834
31835
31836
31837
31838
31839
31840
31842
31843
31844
31845
31846
31847
31848
31849
31850
31851
31852
31853
31854
31855
31856
31857
31858
31859
31860
31861
31862
31863
31864
31866
31867
31868
31869
31870
31871
31872
31873
31874
31875
31876
31877
31878
31879
31880
31881
31882
31883
31884
31885
31886
31887
31888
31890
31891
31892
31893
31894
31895
31896
31897
31898
31899
31900
31901
31902
31903
31904
31905
31906
31907
31908
31909
31910
31911
31912
31914
31915
31916
31917
31918
31919
31920
31921
31922
31923
31924
31925
31926
31927
31928
31929
31930
31931
31932
31933
31934
31935
31936
31938
31939
31940
31941
31942
31943
31944
31945
31946
31947
31948
31949
31950
31951
31952
31953
31954
31955
31956
31957
31958
31959
31960
31962
31963
31964
31965
31966
31967
31968
31969
31970
31971
31972
31973
31974
31975
31976
31977
31978
31979
31980
31981
31982
31983
31984
31986
31987
31988
31989
31990
31991
31992
31993
31994
31995
31996
31997
31998
31999
32000
32001
32002
32003
32004
32005
32006
32007
32008
32010
32011
32012
32013
32014
32015
32016
32017
32018
32019
32020
32021
32022
32023
32024
32025
32026
32027
32028
32029
32030
32031
32032
32034
32035
32036
32037
32038
32039
32040
32041
32042
32043
32044
32045
32046
32047
32048
32049
32050
32051
32052
32053
32054
32055
32056
32058
32059
32060
32061
32062
32063
32064
32065
32066
32067
32068
32069
32070
32071
32072
32073
32074
32075
32076
32077
32078
32079
32080
32082
32083
32084
32085
32086
32087
32088
32089
32090
32091
32092
32093
32094
32095
32096
32097
32098
32099
32100
32101
32102
32103
32104
32106
32107
32108
32109
32110
32111
32112
32113
32114
32115
32116
32117
32118
32119
32120
32121
32122
32123
32124
32125
32126
32127
32128
32130
32131
32132
32133
32134
32135
32136
32137
32138
32139
32140
32141
32142
32143
32144
32145
32146
32147
32148
32149
32150
32151
32152
32154
32155
32156
32157
32158
32159
32160
32161
32162
32163
32164
32165
32166
32167
32168
32169
32170
32171
32172
32173
32174
32175
32176
32178
32179
32180
32181
32182
32183
32184
32185
32186
32187
32188
32189
32190
32191
32192
32193
32194
32195
32196
32197
32198
32199
32200
32202
32203
32204
32205
32206
32207
32208
32209
32210
32211
32212
32213
32214
32215
32216
32217
32218
32219
32220
32221
32222
32223
32224
32226
32227
32228
32229
32230
32231
32232
32233
32234
32235
32236
32237
32238
32239
32240
32241
32242
32243
32244
2011
2013
4843
5187
5189
9475
27839
28263
4700
4771
4834
9138
10038
10040
13818
13822
13826
13830
23812
23817
23822
23827
23832
23837
24271
24276
24281
24286
24291
27050
27223
27240
27260
29
328
330
435
437
447
449
497
948
1242
1244
1261
1338
1410
1540
1542
1562
1564
1566
1568
1570
1572
1574
1576
1691
1798
1799
1800
1806
1906
1956
2021
2823
2956
4253
4260
4268
4276
4284
4292
4300
4308
4316
4371
4373
4381
4393
4411
4415
4448
4449
4450
4451
4462
4518
4520
4531
4536
4537
4538
4539
4540
4541
4542
4543
4544
4548
4560
4572
4583
4589
4622
4628
4642
4645
4648
4663
4698
4723
4726
4729
4766
4767
4768
4769
4821
4836
4837
4838
4839
4840
4858
4866
4868
4872
4876
4880
4884
4886
4887
4891
4899
4903
4907
4911
4966
4981
4982
4984
4986
4988
5040
5042
5066
5086
5088
5090
5100
5111
5113
5115
5131
5135
5350
5352
5976
5979
5982
6173
6176
6179
6688
6863
6872
7230
8993
9035
9061
9063
9068
9118
9120
9122
9134
9136
9148
9204
9222
9224
9294
9299
9345
9418
9442
9525
9568
9572
9629
9637
9641
9643
9645
9846
9847
9936
9970
10002
10008
10010
10012
10019
10021
10022
10023
10031
10044
10045
10077
10123
10401
10634
11045
11286
11287
11288
11289
11307
11388
11389
11390
11391
11475
11485
11495
11505
11515
11525
11535
11545
11555
11565
11835
11847
11855
11867
11875
11887
11895
11907
11915
11927
11935
11947
11955
11967
11975
11987
11995
12007
12015
12027
12035
12047
12055
12067
12075
12087
12095
12107
12115
12127
12135
12147
12155
12167
12175
12187
12195
12207
13299
13311
13443
13481
13482
13623
13635
13637
13926
13991
14040
14042
14044
14211
14358
14366
14369
14372
14443
14445
14451
14528
14589
14603
14604
14624
14626
14776
14907
14991
15016
15017
15018
15019
15020
15021
15022
15023
15024
23476
23492
23504
23610
23612
23706
23709
23712
23743
23745
23883
23885
23887
23890
23957
23966
24187
24189
24196
24226
24237
24314
24393
24404
24766
24872
24874
24875
24956
25055
25066
25077
25088
25099
25110
25121
25132
25143
25154
25165
25177
25302
25304
25376
25444
25487
25495
25503
25511
25519
25527
25535
25543
26058
26830
26831
26832
26833
26845
26847
26856
26857
26859
26861
26862
26864
26866
26867
26869
26871
26872
26874
26876
26877
26879
26881
26882
26884
26886
26887
26889
26891
26892
26894
26896
26897
26899
26911
26912
26913
26914
26915
26916
26917
26918
26919
26920
26921
26922
26923
26924
26925
26926
26927
26931
26937
26939
26950
26954
26958
26962
26966
26970
26974
27018
27059
27097
27098
27101
27103
27108
27127
27129
27131
27133
27139
27140
27141
27142
27144
27146
27147
27149
27150
27152
27153
27155
27156
27158
27159
27161
27162
27164
27165
27167
27168
27170
27171
27173
27174
27176
27177
27179
27181
27183
27186
27189
27192
27207
27214
27243
27244
27245
27279
27281
27285
27288
27293
27295
27299
27327
27331
27335
27339
27345
27347
27351
27353
27370
27381
27383
27436
27438
27470
27499
27500
27501
27502
27509
27511
27513
27516
27518
27521
27524
27526
27529
27532
27534
27537
27540
27542
27545
27548
27550
27553
27556
27558
27561
27564
27566
27569
27572
27574
27577
27580
27582
27598
27619
27620
27621
27623
27624
27625
27627
27628
27629
27631
27632
27633
27635
27636
27637
27639
27640
27641
27680
27681
27682
27683
27684
27685
27686
27687
27688
27689
27690
27691
27692
27693
27694
27695
27696
27697
27698
27699
27700
27701
27702
27703
27704
27712
27715
27763
27764
27766
27767
27769
27770
27791
27826
27858
27859
27862
27863
27866
27867
27870
27871
27877
27914
27917
27920
27924
27925
27926
27927
27928
27929
27935
27936
27937
27938
27949
27951
27957
27958
27961
27962
27965
27966
27969
27970
27981
27987
27989
27993
28013
28039
28040
28041
28042
28043
28044
28045
28046
28047
28048
28049
28050
28051
28052
28053
28054
28055
28056
28081
28086
28087
28100
28104
28105
28106
28148
28149
28150
28151
28152
28153
28154
28155
28156
28158
28172
28182
28205
28206
28207
28208
28210
28213
28216
28222
28505
28734
28735
28736
28737
28739
28740
28741
28742
28744
28745
28746
28747
28749
28750
28751
28752
28754
28755
28756
28757
29110
29113
29115
29538
29540
30201
33727
33728
33729
33731
33732
33733
33735
33736
33737
33739
33740
33741
33743
33764
33772
33829
33867
33917
33974
33991
33994
33997
34068
34071
34072
34075
34076
34079
34080
34083
34099
34100
34101
34102
34136
34143
34175
34176
34177
34178
34179
34181
34182
34183
34184
34185
34187
34188
34189
34190
34191
34193
34194
34195
34196
34197
34199
34200
34201
34202
34203
34205
34206
34207
34208
34209
34233
34237
34241
34245
34277
34300
34319
34464
34470
34483
34487
34491
34495
34554
34563
34564
34582
34612
34614
34632
34644
34645
34646
34647
34660
34662
21964
349
511
527
543
559
575
591
607
623
639
655
671
687
703
719
735
751
767
783
799
815
831
847
28813
28817
28821
28825
28829
28833
28837
12939
21235
21236
21237
21238
21239
21240
21241
21242
21243
21244
21245
21246
21247
21248
21249
21250
21251
21252
21253
21254
21255
21256
21257
21258
21259
21260
21261
21262
21263
21264
21265
21266
21267
21268
21269
21270
21271
21272
21273
21274
21275
21276
21277
21278
21279
21280
21281
21282
21283
21284
21285
21286
21287
21288
21289
21290
21291
21292
21293
21294
21295
21296
21297
21298
21299
21300
21301
21302
21303
21304
21305
21306
21307
21308
21309
21310
21311
21312
21313
21314
21315
21316
21317
21318
21319
21320
21321
21322
21323
21324
21325
21326
21327
21328
21329
21330
21331
21332
21333
21334
21335
21336
21337
21338
21339
21340
21341
21342
21343
21344
21345
21346
21347
21348
21349
21350
21351
21352
21353
21354
21355
21356
21357
21358
21359
21360
21361
21362
21363
21364
21365
21366
21367
21368
21369
21370
21371
21372
21373
21374
21375
21376
21377
21378
21379
21380
21381
21382
21383
21384
21385
21386
21387
21388
21389
21390
21391
21392
21393
21394
21395
21396
21397
21398
21399
21400
21401
21402
21403
21404
21405
21406
21407
21408
21409
21410
21411
21412
21413
21414
21415
21416
21417
21418
21419
21420
21421
21422
21423
21424
21425
21426
21427
21428
21429
21430
21431
21432
21433
21434
21435
21436
21437
21438
21439
21440
21441
21442
21443
21444
21445
21446
21447
21448
21449
21450
21451
21452
21453
21454
21455
21456
21457
21458
21459
21460
21461
21462
21463
21464
21465
21466
21467
21468
21469
21470
21471
21472
21473
21474
21475
21476
21477
21478
21479
21480
21481
21482
21483
21484
21485
21486
21487
21488
21489
21490
21491
21492
21493
21494
21495
21496
21497
21498
21499
21500
21501
21502
21503
21504
21505
21506
21507
21508
21509
21510
21511
21512
21513
21514
21515
21516
21517
21518
21519
21520
21521
21522
21523
21524
21525
21526
21527
21528
21529
21530
21531
21532
21533
21534
21535
21536
21537
21538
21539
21540
21541
21542
21543
21544
21545
21546
21547
21548
21549
21550
21551
21552
21553
21554
21555
21556
21557
21558
21559
21560
21561
21562
21563
21564
21565
21566
21567
21568
21569
21570
21571
21572
21573
21574
21575
21576
21577
21578
21579
21580
21581
21582
21583
21584
21585
21586
21587
21588
21589
21590
21591
21592
21593
21594
21595
21596
21597
21598
21599
21600
21601
21602
21603
21604
21605
21606
21607
21608
21609
21610
21611
21612
21613
21614
21615
21616
21617
21618
21619
21620
21621
21622
21623
21624
21625
21626
21627
21628
21629
21630
21631
21632
21633
21634
21635
21636
21637
21638
21639
21640
21641
21642
21643
21644
21645
21646
21647
21648
21649
21650
21651
21652
21653
21654
21655
21656
21657
21658
21659
21660
21661
21662
21663
21664
21665
21666
21667
21668
21669
21670
21671
21672
21673
21674
21675
21676
21677
21678
21679
21680
21681
21682
21683
21684
21685
21686
21687
21688
21689
21690
21691
21692
21693
21694
21695
21696
21697
21698
21699
21700
21701
21702
21703
21704
21705
21706
21707
21708
21709
21710
21711
21712
21713
21714
21715
21716
21717
21718
21719
21720
21721
21722
21723
21724
21725
21726
21727
21728
21729
21730
21731
21732
21733
21734
21735
21736
21737
21738
21739
21740
21741
21742
21743
21744
21745
21746
21747
21748
21749
21750
21751
21752
21753
21754
21755
21756
21757
21758
21759
21760
21761
21762
21763
21764
21765
21766
21767
21768
21769
21770
21771
21772
21773
21774
21775
21776
21777
21778
21779
21780
21781
21782
21783
21784
21785
21786
21787
21788
21789
21790
21791
21792
21793
21794
21795
21796
21797
21798
21799
21800
21801
21802
21803
21804
21805
21806
21807
21808
21809
21810
