163
1339
1401
1402
1426
1434
2344
2349
2370
4192
1088
2093
2930
2952
2989
3021
3022
3033
3047
3048
3849
2082
4063
4168
4266
4358
4365
4373
4384
4414
4415
976
1167
1300
1310
1313
1321
1330
1475
1484
1554
1583
1594
1680
1766
2948
2951
3028
3050
3405
4342
4545
791
805
827
972
978
982
992
995
996
1019
1039
1041
1104
1172
1254
1335
1340
1347
1487
1489
1498
1505
1546
1561
1562
1563
1565
1589
1591
1612
1625
1636
1653
1682
1686
1693
1750
1880
1882
1883
1888
1898
1899
2207
2745
2788
2807
2856
2877
2916
2940
2970
2983
3046
3872
3879
3975
4037
4088
4111
4121
4253
4310
4508
4540
4547
4562
846
1470
1471
1472
1483
1493
1502
1508
1511
1512
1517
1532
1535
1539
1540
1542
1545
1550
1555
1556
1566
1567
1568
1577
1578
1580
1581
1582
1584
1585
1592
1593
1595
1613
1626
1627
1631
1635
1662
1694
1704
1773
1808
1885
2066
2558
2785
2786
2847
2876
2886
2891
2895
2928
2963
2980
3478
3865
3870
3871
3874
3875
3876
3881
3882
4202
4332
4375
4433
4526
9
118
125
219
2083
2978
4021
4032
4231
4235
4243
4245
4259
4268
4277
4278
4279
4281
4291
4328
4343
4366
4410
4438
3109
542
1929
2080
2242
2841
2868
2904
3283
3323
4022
4172
4190
4261
4282
4288
4300
4303
4307
4348
4467
4468
1301
1302
1303
1844
2153
3878
3884
989
1033
1117
1122
1129
1319
1329
1333
1345
1473
1495
1497
1500
1501
1503
1509
1510
1521
1537
1551
1552
1572
1648
1658
1661
1697
1759
1767
1871
1876
1881
1884
1887
1889
1891
1893
1897
1996
2044
2790
2855
2866
2878
2922
2924
2955
2964
2976
3757
3844
3873
3880
4096
4105
4130
4376
4444
4449
4470
4551
1017
2711
2715
2758
2774
1064
1071
2720
2738
1670
1690
872
1050
1056
1062
1149
2090
2185
2331
2719
2811
2812
2819
2821
2823
2824
2825
2829
2836
2857
2880
2927
2931
2949
2982
3016
3733
3740
4115
4118
4515
4553
789
893
993
1011
1038
1157
1346
1352
1354
1564
1586
1638
1892
1900
1904
2196
2198
2747
2763
2765
2778
2795
2796
2797
2798
2799
2840
3758
4108
4112
4116
4359
4509
4517
4518
4544
4560
4563
4028
813
1161
2443
2640
1364
1367
1368
1373
1374
1389
1448
1449
1451
1453
2278
2281
2284
2287
3281
4099
4137
4183
4196
4293
4312
4354
4456
4465
1350
2959
1919
2514
2832
4157
4175
4204
4232
4234
4247
4290
4292
2698
2935
1411
1456
