7
9
22
27
32
42
46
52
54
64
67
68
75
77
87
89
98
107
109
113
123
127
129
133
139
141
144
163
172
176
178
189
197
200
201
208
210
225
230
232
234
243
245
255
260
262
266
275
277
285
288
293
296
298
300
309
319
322
323
330
341
344
352
354
356
360
367
376
386
388
397
400
401
407
411
417
420
423
429
438
445
453
455
464
475
477
486
490
494
496
499
506
508
510
516
519
521
529
538
540
542
544
545
550
553
555
560
565
574
578
583
585
595
598
600
605
612
615
621
628
630
638
641
644
645
652
654
663
672
676
686
690
699
710
719
730
734
740
742
750
753
764
767
773
775
777
782
784
787
797
799
818
820
822
832
834
839
843
853
862
864
866
867
870
873
877
884
887
895
898
906
911
916
919
933
938
941
943
945
951
953
960
967
971
973
975
986
989
994
996
999
2239
2440
2592
2814
2991
6004
6016
6019
6027
6029
6035
6037
6039
6041
6049
6052
6057
6059
6061
6063
6073
6082
6085
6090
6095
6105
6115
6118
6121
6124
6128
6140
6146
6150
6162
6168
6171
6175
6183
6186
6189
6192
6195
6198
6204
6206
6208
6214
6216
6218
6223
6229
6232
6237
6239
6241
6246
6248
6252
6259
6261
6266
6270
6272
6279
6282
6284
6292
6304
6307
6314
6316
6319
6325
6327
6330
6349
6353
6357
6359
6361
6365
6370
6372
6379
6382
6384
6387
6393
6395
6404
6407
6409
6414
6417
6419
6425
6428
6430
6439
6441
6445
6449
6452
6457
6459
6461
6464
6466
6470
6472
6478
6482
6484
6486
6490
6493
6503
6505
6516
6518
6525
6528
6532
6534
6537
6539
6548
6550
6552
6559
6561
6563
6568
6570
6573
6575
6581
6584
6587
6590
6595
6605
6607
6610
6612
6614
6628
6636
6639
6648
6650
6658
6661
6663
6670
6672
6681
6683
6687
6690
6692
6694
6697
6705
6707
6714
6717
6725
6728
6734
6737
6739
6748
6751
6753
6758
6760
6762
6784
6788
6790
6793
6795
6797
6803
6812
6818
6820
6828
6834
6836
6847
6850
6852
6858
6861
6864
6869
6872
6892
6894
6896
6901
6903
6905
6907
6916
6918
6925
6928
6936
6944
6947
6949
6951
6953
6959
6961
6964
6970
6973
6976
6980
6983
6986
6991
6993
6996
7009
7011
7016
7020
7022
7030
7032
7034
7042
7044
7048
7072
7074
7076
7078
7084
7090
7095
7106
7110
7120
7123
7129
7131
7139
7141
7145
7146
7148
7151
7154
7165
7175
7179
7186
7193
7207
7210
7220
7222
7228
7235
7237
7241
7245
7251
7253
7257
7260
7265
7272
7277
7281
7296
7298
7300
7306
7308
7322
7327
7329
7343
7352
7356
7361
7363
7365
7369
7376
7383
7387
7389
7396
7399
7401
7417
7419
7421
7427
7430
7432
7434
7438
7442
7449
7460
7462
7464
7467
7473
7475
7477
7487
7497
7500
7506
7509
7511
7519
7522
7523
7527
7529
7531
7533
7538
7540
7543
7547
7550
7552
7554
7556
7561
7564
7566
7573
7575
7595
7597
7599
7610
7612
7615
7617
7619
7622
7630
7632
7634
7636
7640
7649
7655
7656
7660
7663
7665
7672
7679
7687
7697
7699
7706
7708
7710
7712
7719
7722
7728
7730
7733
7737
7741
7745
7747
7753
7762
7767
7773
7775
7777
7778
7781
7789
7800
7801
7806
7808
7811
7815
7818
7823
7827
7829
7832
7839
7850
7852
7854
7856
7860
7874
7877
7878
7881
7887
7895
7897
7899
7902
7904
7906
7911
7918
7920
7931
7934
7936
7940
7944
7952
7961
7963
7965
7971
7975
7978
7979
7984
7987
7992
7994
7997
7999
9008
9010
9012
9019
9022
9029
9031
9033
9039
9053
9064
9068
9069
9074
9078
9084
9086
9089
9090
9092
9095
9097
9103
9105
9111
9118
9120
9122
9128
9130
9132
9138
9142
9150
9153
9155
9161
9164
9166
9172
9174
9177
9184
9189
9190
9193
9195
9197
9199
9202
9204
9206
9208
9210
9217
9219
9222
9230
9232
9250
9253
9255
9259
9261
9265
9267
9268
9275
9283
9290
9295
9297
9299
9303
9306
9308
9310
9316
9320
9322
9326
9328
9330
9332
9339
9342
9349
9359
9362
9364
9370
9372
9376
9383
9385
9389
9396
9398
9411
9412
9418
9420
9426
9435
9438
9444
9445
9451
9455
9464
9468
9473
9484
9487
9489
9490
9496
9498
9505
9508
9510
9516
9518
9522
9523
9525
9529
9533
9537
9541
9543
9548
9550
9560
9566
9570
9572
9575
9577
9582
9584
9588
9593
9599
9601
9607
9609
9611
9617
9619
9629
9631
9634
9635
9641
9644
9649
9651
9654
9661
9665
9667
9670
9673
9675
9678
9681
9684
9689
9690
9695
9697
9700
9711
9712
9717
9726
9731
9733
9734
9739
9741
9743
9749
9759
9766
9767
9769
9771
9774
9777
9785
9787
9790
9791
9795
9798
9800
9804
9809
9812
9814
9819
9822
9827
9833
9834
9843
9849
9853
9861
9865
9870
9875
9877
9881
9884
9895
9897
9904
9906
9908
9915
9917
9919
9921
9927
9933
9938
9940
9942
9949
9952
9955
9959
9966
9967
9972
9974
9977
9985
9989
9992
9996
11010
11015
11037
11052
11055
11062
11065
11072
11074
11079
11089
11114
11116
11120
11122
11126
11130
11133
11141
11147
11150
11152
11157
11178
11186
11189
11204
11209
11222
11227
11230
11233
11248
11254
11256
11262
11266
11274
11277
11282
11286
11289
11296
11309
11315
11317
11322
11330
11340
11343
11351
11359
11362
11373
11376
11389
11394
11401
11407
11421
11429
11444
11450
11461
11467
11471
11478
11479
11488
11494
11508
11513
11523
11526
11528
11531
11535
11549
11562
11577
11580
11588
11590
11594
11602
11609
11620
11623
11628
11631
11640
11644
11647
11650
11653
11663
11667
11696
11705
11711
11714
11718
11728
11732
11746
11752
11755
11765
11773
11780
11786
11789
11790
11794
11798
11806
11808
11811
11812
11824
11830
11832
11834
11841
11844
11848
11851
11856
11859
11863
11871
11877
11881
11885
11887
11896
11905
11907
11909
11911
11918
11920
11926
11928
11941
11944
11951
11959
11964
11977
11978
11982
11986
11991
12004
12013
12048
12072
12092
12137
12193
12216
12248
12293
12315
12338
12348
12381
12404
12415
12515
12526
12537
12547
12568
12670
12792
12803
12827
12847
12869
12904
12923
12947
13004
13007
13009
13018
13020
13026
13028
13030
13035
13038
13041
13049
13060
13062
13068
13070
13072
13082
13085
13103
13105
13107
13112
13115
13117
13119
13124
13129
13138
13142
13146
13151
13162
13168
13173
13176
13182
13184
13186
13192
13194
13196
13203
13205
13207
13216
13219
13226
13235
13248
13251
13254
13259
13261
13268
13271
13274
13282
13284
13290
13294
13303
13305
13307
13314
13319
13328
13334
13337
13341
13349
13360
13362
13371
13373
13381
13384
13392
13394
13396
13401
13403
13415
13417
13425
13428
13438
13448
13450
13457
13462
13464
13470
13473
13475
13481
13485
13490
13492
13494
13497
13512
13518
13525
13529
13531
13536
13538
13548
13551
13553
13560
13562
13568
13573
13582
13584
13590
13593
13596
13604
13607
13612
13615
13617
13620
13626
13628
13637
13641
13647
13649
13651
13658
13663
13673
13675
13677
13683
13685
13693
13695
13703
13705
13707
13710
13712
13714
13717
13734
13748
13752
13761
13766
13772
13781
13784
13790
13793
13796
13803
13805
13807
13816
13818
13823
13825
13830
13845
13849
13851
13860
13871
13873
13881
13883
13893
13896
13903
13907
13909
13912
13918
13925
13927
13940
13945
13949
13951
13958
13961
13963
13969
13974
13980
13982
13985
13987
13992
15023
15034
15043
15045
15066
15076
15087
15092
15100
15114
15132
15142
15144
15166
15176
15190
15200
15215
15220
15225
15234
15243
15245
15262
15267
15287
15310
15320
15322
15331
15333
15340
15383
15386
15396
15412
15420
15424
15460
15475
15488
15494
15498
15509
15511
15525
15544
15553
15588
15600
15644
15645
15654
15667
15686
15706
15708
15714
15720
15730
15743
15753
15793
15798
15809
15821
15824
15840
15842
15844
15864
15866
15869
15897
15909
15919
15933
15941
15956
15965
15998
20011
20015
20020
20031
20034
20044
20053
20064
20077
20100
20109
20121
20134
20142
20144
20154
20165
20167
20176
20178
20185
20189
20199
20202
20212
20231
20240
20243
20245
20255
20263
20275
20286
20288
20296
20298
20300
20306
20308
20310
20312
20331
20333
20341
20344
20354
20362
20375
20377
20388
20398
20400
20409
20412
20417
20421
20424
20434
20451
20455
20464
20466
20469
20474
20485
20488
20493
20499
20509
20511
20516
20521
20531
20544
20552
20554
20559
20565
20573
20577
20587
20589
20597
20599
20606
20609
20617
20621
20623
20631
20643
20645
20653
20655
20667
20674
20678
20687
20697
20699
20707
20710
20718
20720
20733
20734
20738
20747
20753
20763
20765
20774
20787
20789
20800
20804
20807
20809
20822
20832
20835
20844
20852
20855
20864
20866
20874
20876
20878
20884
20887
20907
20919
20921
20942
20944
20949
20954
20964
20966
20967
20989
20998
23002
23014
23025
23036
23060
23070
23082
23103
23113
23114
23135
23162
23174
23180
23182
23192
23195
23202
23205
23215
23218
23227
23241
23258
23261
23264
23269
23273
23281
23284
23291
23302
23313
23321
23326
23342
23358
23361
23369
23372
23380
23386
23390
23391
23404
23413
23424
23427
23438
23445
23447
23450
23459
23461
23485
23491
23493
23504
23513
23520
23524
23535
23537
23546
23548
23557
23573
23580
23587
23589
23592
23594
23602
23604
23614
23627
23635
23647
23651
23658
23669
23671
23679
23681
23694
23699
23702
23704
23715
23724
23726
23729
23738
23740
23746
23750
23769
23771
23784
23790
23791
23793
23795
23802
23814
23817
23826
23837
23847
23868
23872
23879
23884
23890
23891
23893
23895
23897
23902
23912
23913
23918
23924
23927
23936
23939
23946
23949
23957
23960
23969
23985
23990
27006
27010
27021
27023
27026
27030
27042
27044
27055
27063
27065
27070
27075
27077
27086
27089
27090
27097
27100
27106
27119
27123
27131
27133
27138
27143
27145
27152
27163
27165
27174
27178
27186
27188
27199
27201
27205
27207
27211
27218
27233
27240
27244
27250
27253
27255
27257
27262
27265
27277
27279
27283
27286
27289
27294
27297
27301
27307
27310
27318
27322
27333
27334
27339
27353
27366
27368
27371
27373
27375
27377
27382
27385
27387
27390
27395
27397
27399
27408
27410
27412
27415
27418
27424
27437
27439
27443
27451
27453
27455
27464
27466
27472
27476
27478
27486
27497
27505
27508
27512
27519
27531
27534
27538
27542
27546
27550
27552
27556
27559
27564
27566
27574
27576
27586
27588
27596
27598
27604
27607
27609
27616
27620
27622
27623
27630
27642
27653
27664
27666
27675
27677
27685
27698
27709
27711
27718
27722
27727
27730
27732
27735
27737
27745
27753
27755
27760
27763
27765
27767
27776
27778
27785
27787
27793
27797
27800
27805
27808
27811
27820
27822
27826
27828
27832
27838
27841
27854
27857
27865
27867
27868
27871
27877
27886
27895
27900
27907
27910
27921
27931
27943
27952
27962
27973
27984
27988
27997
27999
33024
33137
33281
33293
33348
33392
33426
33473
33526
33570
33582
33592
33614
33703
33793
33801
33815
33825
33903
33912
33992
34004
34006
34009
34012
34015
34017
34019
34023
34024
34028
34030
34032
34038
34043
34046
34048
34054
34059
34061
34066
34071
34073
34075
34093
34107
34110
34116
34120
34127
34129
34131
34133
34135
34138
34141
34149
34151
34153
34157
34159
34161
34165
34167
34172
34174
34176
34179
34182
34184
34186
34193
34196
34200
34201
34205
34207
34210
34214
34217
34219
34221
34227
34232
34238
34240
34243
34246
34251
34260
34262
34264
34268
34270
34272
34274
34282
34284
34286
34288
34290
34292
34294
34296
34298
34303
34305
34307
34309
34312
34314
34316
34328
34330
34332
34340
34342
34348
34350
34352
34359
34361
34364
34366
34370
34372
34374
34376
34381
34384
34386
34390
34393
34395
34399
34405
34407
34414
34416
34419
34427
34429
34432
34437
34440
34442
34445
34450
34459
34461
34463
34465
34470
34473
34475
34477
34481
34484
34487
34494
34496
34498
34501
34505
34507
34514
34516
34518
34520
34525
34527
34529
34534
34537
34539
34541
34551
34560
34562
34566
34568
34570
34573
34583
34586
34588
34594
34601
34604
34606
34608
34610
34614
34617
34619
34621
34625
34629
34632
34634
34638
34640
34642
34647
34649
34652
34656
34659
34661
34663
34667
34670
34672
34674
34684
34688
34690
34692
34694
34696
34698
34703
34707
34714
34716
34718
34723
34731
34736
34738
34741
34745
34747
34749
34751
34755
34760
34763
34765
34772
34781
34784
34786
34793
34795
34797
34800
34801
34805
34807
34809
34816
34818
34823
34826
34831
34837
34839
34847
34849
34851
34853
34856
34858
34860
34862
34864
34870
34872
34874
34877
34880
34882
34884
34887
34889
34893
34895
34898
34904
34907
34915
34925
34927
34930
34934
34937
34940
34949
34951
34953
34958
34961
34963
34969
34971
34974
34977
34978
34981
34985
34988
34993
34995
34997
34999
35001
35005
35017
35049
35073
35104
35215
35230
35237
35272
35283
35293
35304
35314
35337
35360
35381
35403
35448
35481
35503
35525
35527
35538
35581
35583
35604
35628
35670
35684
35712
35716
35728
35737
35769
35795
35803
35815
35847
35860
35881
35915
35937
35947
35950
35960
35994
36011
36014
36023
36028
36043
36045
36055
36057
36066
36075
36078
36088
36090
36103
36110
36117
36122
36138
36144
36155
36166
36176
36228
36230
36234
36256
36277
36288
36307
36320
36329
36333
36344
36351
36353
36365
36369
36377
36381
36387
36389
36409
36422
36431
36439
36442
36456
36464
36467
36472
36474
36476
36480
36485
36488
36500
36509
36541
36545
36559
36572
36577
36587
36597
36609
36615
36617
36622
36629
36632
36634
36637
36652
36664
36666
36686
36689
36696
36700
36709
36714
36718
36722
36729
36733
36743
36752
36755
36756
36772
36789
36798
36800
36804
36811
36820
36822
36833
36855
36861
36864
36873
36877
36878
36884
36886
36907
36909
36941
36943
36946
36958
36966
36972
36976
36985
41009
41011
41016
41022
41027
41039
41049
41052
41054
41062
41064
41067
41090
41094
41098
41109
41116
41118
41127
41131
41139
41154
41172
41174
41183
41187
41194
41196
41199
41209
41220
41232
41248
41251
41260
41272
41275
41285
41298
41306
41319
41334
41339
41341
41343
41346
41350
41360
41364
41373
41377
41385
41398
41405
41407
41416
41427
41438
41443
41450
41453
41462
41468
41490
41493
41497
41505
41512
41520
41526
41528
41539
41542
41545
41550
41556
41560
41563
41567
41576
41587
41594
41596
41606
41608
41617
41623
41626
41638
41642
41650
41653
41659
41661
41663
41671
41676
41684
41698
41703
41708
41712
41714
41716
41718
41720
41722
41727
41731
41736
41754
41759
41772
41783
41795
41797
41805
41816
41818
41820
41829
41834
41838
41861
41875
41878
41882
41885
41895
41897
41908
41919
41934
41936
41948
41960
41962
41966
41967
41977
41982
41984
41992
41994
44011
44042
44065
44076
44088
44123
44144
44156
44188
44200
44225
44245
44267
44271
44310
44321
44331
44364
44387
44400
44412
44442
44453
44456
44466
44487
44517
44521
44533
44545
44559
44576
44586
44621
44655
44656
44665
44697
44700
44711
44730
44744
44745
44755
44765
44767
44775
44791
44820
44827
44831
44855
44878
44888
44899
44931
44974
44978
44985
45858
7
9
22
27
32
42
46
52
54
64
67
68
75
77
87
89
98
107
109
113
123
127
129
133
139
141
144
163
172
176
178
189
197
200
201
208
210
225
230
232
234
243
245
255
260
262
266
275
277
285
288
293
296
298
300
309
319
322
323
330
341
344
352
354
356
360
367
376
386
388
397
400
401
407
411
417
420
423
429
438
445
453
455
464
475
477
486
490
494
496
499
506
508
510
516
519
521
529
538
540
542
544
545
550
553
555
560
565
574
578
583
585
595
598
600
605
612
615
621
628
630
638
641
644
645
652
654
663
672
676
686
690
699
710
719
730
734
740
742
750
753
764
767
773
775
777
782
784
787
797
799
818
820
822
832
834
839
843
853
862
864
866
867
870
873
877
884
887
895
898
906
911
916
919
933
938
941
943
945
951
953
960
967
971
973
975
986
989
994
996
999
2239
2440
2592
2814
2991
6004
6016
6019
6027
6029
6035
6037
6039
6041
6049
6052
6057
6059
6061
6063
6073
6082
6085
6090
6095
6105
6115
6118
6121
6124
6128
6140
6146
6150
6162
6168
6171
6175
6183
6186
6189
6192
6195
6198
6204
6206
6208
6214
6216
6218
6223
6229
6232
6237
6239
6241
6246
6248
6252
6259
6261
6266
6270
6272
6279
6282
6284
6292
6304
6307
6314
6316
6319
6325
6327
6330
6349
6353
6357
6359
6361
6365
6370
6372
6379
6382
6384
6387
6393
6395
6404
6407
6409
6414
6417
6419
6425
6428
6430
6439
6441
6445
6449
6452
6457
6459
6461
6464
6466
6470
6472
6478
6482
6484
6486
6490
6493
6503
6505
6516
6518
6525
6528
6532
6534
6537
6539
6548
6550
6552
6559
6561
6563
6568
6570
6573
6575
6581
6584
6587
6590
6595
6605
6607
6610
6612
6614
6628
6636
6639
6648
6650
6658
6661
6663
6670
6672
6681
6683
6687
6690
6692
6694
6697
6705
6707
6714
6717
6725
6728
6734
6737
6739
6748
6751
6753
6758
6760
6762
6784
6788
6790
6793
6795
6797
6803
6812
6818
6820
6828
6834
6836
6847
6850
6852
6858
6861
6864
6869
6872
6892
6894
6896
6901
6903
6905
6907
6916
6918
6925
6928
6936
6944
6947
6949
6951
6953
6959
6961
6964
6970
6973
6976
6980
6983
6986
6991
6993
6996
7009
7011
7016
7020
7022
7030
7032
7034
7042
7044
7048
7072
7074
7076
7078
7084
7090
7095
7106
7110
7120
7123
7129
7131
7139
7141
7145
7146
7148
7151
7154
7165
7175
7179
7186
7193
7207
7210
7220
7222
7228
7235
7237
7241
7245
7251
7253
7257
7260
7265
7272
7277
7281
7296
7298
7300
7306
7308
7322
7327
7329
7343
7352
7356
7361
7363
7365
7369
7376
7383
7387
7389
7396
7399
7401
7417
7419
7421
7427
7430
7432
7434
7438
7442
7449
7460
7462
7464
7467
7473
7475
7477
7487
7497
7500
7506
7509
7511
7519
7522
7523
7527
7529
7531
7533
7538
7540
7543
7547
7550
7552
7554
7556
7561
7564
7566
7573
7575
7595
7597
7599
7610
7612
7615
7617
7619
7622
7630
7632
7634
7636
7640
7649
7655
7656
7660
7663
7665
7672
7679
7687
7697
7699
7706
7708
7710
7712
7719
7722
7728
7730
7733
7737
7741
7745
7747
7753
7762
7767
7773
7775
7777
7778
7781
7789
7800
7801
7806
7808
7811
7815
7818
7823
7827
7829
7832
7839
7850
7852
7854
7856
7860
7874
7877
7878
7881
7887
7895
7897
7899
7902
7904
7906
7911
7918
7920
7931
7934
7936
7940
7944
7952
7961
7963
7965
7971
7975
7978
7979
7984
7987
7992
7994
7997
7999
9008
9010
9012
9019
9022
9029
9031
9033
9039
9053
9064
9068
9069
9074
9078
9084
9086
9089
9090
9092
9095
9097
9103
9105
9111
9118
9120
9122
9128
9130
9132
9138
9142
9150
9153
9155
9161
9164
9166
9172
9174
9177
9184
9189
9190
9193
9195
9197
9199
9202
9204
9206
9208
9210
9217
9219
9222
9230
9232
9250
9253
9255
9259
9261
9265
9267
9268
9275
9283
9290
9295
9297
9299
9303
9306
9308
9310
9316
9320
9322
9326
9328
9330
9332
9339
9342
9349
9359
9362
9364
9370
9372
9376
9383
9385
9389
9396
9398
9411
9412
9418
9420
9426
9435
9438
9444
9445
9451
9455
9464
9468
9473
9484
9487
9489
9490
9496
9498
9505
9508
9510
9516
9518
9522
9523
9525
9529
9533
9537
9541
9543
9548
9550
9560
9566
9570
9572
9575
9577
9582
9584
9588
9593
9599
9601
9607
9609
9611
9617
9619
9629
9631
9634
9635
9641
9644
9649
9651
9654
9661
9665
9667
9670
9673
9675
9678
9681
9684
9689
9690
9695
9697
9700
9711
9712
9717
9726
9731
9733
9734
9739
9741
9743
9749
9759
9766
9767
9769
9771
9774
9777
9785
9787
9790
9791
9795
9798
9800
9804
9809
9812
9814
9819
9822
9827
9833
9834
9843
9849
9853
9861
9865
9870
9875
9877
9881
9884
9895
9897
9904
9906
9908
9915
9917
9919
9921
9927
9933
9938
9940
9942
9949
9952
9955
9959
9966
9967
9972
9974
9977
9985
9989
9992
9996
11010
11015
11037
11052
11055
11062
11065
11072
11074
11079
11089
11114
11116
11120
11122
11126
11130
11133
11141
11147
11150
11152
11157
11178
11186
11189
11204
11209
11222
11227
11230
11233
11248
11254
11256
11262
11266
11274
11277
11282
11286
11289
11296
11309
11315
11317
11322
11330
11340
11343
11351
11359
11362
11373
11376
11389
11394
11401
11407
11421
11429
11444
11450
11461
11467
11471
11478
11479
11488
11494
11508
11513
11523
11526
11528
11531
11535
11549
11562
11577
11580
11588
11590
11594
11602
11609
11620
11623
11628
11631
11640
11644
11647
11650
11653
11663
11667
11696
11705
11711
11714
11718
11728
11732
11746
11752
11755
11765
11773
11780
11786
11789
11790
11794
11798
11806
11808
11811
11812
11824
11830
11832
11834
11841
11844
11848
11851
11856
11859
11863
11871
11877
11881
11885
11887
11896
11905
11907
11909
11911
11918
11920
11926
11928
11941
11944
11951
11959
11964
11977
11978
11982
11986
11991
12004
12013
12048
12072
12092
12137
12193
12216
12248
12293
12315
12338
12348
12381
12404
12415
12515
12526
12537
12547
12568
12670
12792
12803
12827
12847
12869
12904
12923
12947
13004
13007
13009
13018
13020
13026
13028
13030
13035
13038
13041
13049
13060
13062
13068
13070
13072
13082
13085
13103
13105
13107
13112
13115
13117
13119
13124
13129
13138
13142
13146
13151
13162
13168
13173
13176
13182
13184
13186
13192
13194
13196
13203
13205
13207
13216
13219
13226
13235
13248
13251
13254
13259
13261
13268
13271
13274
13282
13284
13290
13294
13303
13305
13307
13314
13319
13328
13334
13337
13341
13349
13360
13362
13371
13373
13381
13384
13392
13394
13396
13401
13403
13415
13417
13425
13428
13438
13448
13450
13457
13462
13464
13470
13473
13475
13481
13485
13490
13492
13494
13497
13512
13518
13525
13529
13531
13536
13538
13548
13551
13553
13560
13562
13568
13573
13582
13584
13590
13593
13596
13604
13607
13612
13615
13617
13620
13626
13628
13637
13641
13647
13649
13651
13658
13663
13673
13675
13677
13683
13685
13693
13695
13703
13705
13707
13710
13712
13714
13717
13734
13748
13752
13761
13766
13772
13781
13784
13790
13793
13796
13803
13805
13807
13816
13818
13823
13825
13830
13845
13849
13851
13860
13871
13873
13881
13883
13893
13896
13903
13907
13909
13912
13918
13925
13927
13940
13945
13949
13951
13958
13961
13963
13969
13974
13980
13982
13985
13987
13992
15023
15034
15043
15045
15066
15076
15087
15092
15100
15114
15132
15142
15144
15166
15176
15190
15200
15215
15220
15225
15234
15243
15245
15262
15267
15287
15310
15320
15322
15331
15333
15340
15383
15386
15396
15412
15420
15424
15460
15475
15488
15494
15498
15509
15511
15525
15544
15553
15588
15600
15644
15645
15654
15667
15686
15706
15708
15714
15720
15730
15743
15753
15793
15798
15809
15821
15824
15840
15842
15844
15864
15866
15869
15897
15909
15919
15933
15941
15956
15965
15998
20011
20015
20020
20031
20034
20044
20053
20064
20077
20100
20109
20121
20134
20142
20144
20154
20165
20167
20176
20178
20185
20189
20199
20202
20212
20231
20240
20243
20245
20255
20263
20275
20286
20288
20296
20298
20300
20306
20308
20310
20312
20331
20333
20341
20344
20354
20362
20375
20377
20388
20398
20400
20409
20412
20417
20421
20424
20434
20451
20455
20464
20466
20469
20474
20485
20488
20493
20499
20509
20511
20516
20521
20531
20544
20552
20554
20559
20565
20573
20577
20587
20589
20597
20599
20606
20609
20617
20621
20623
20631
20643
20645
20653
20655
20667
20674
20678
20687
20697
20699
20707
20710
20718
20720
20733
20734
20738
20747
20753
20763
20765
20774
20787
20789
20800
20804
20807
20809
20822
20832
20835
20844
20852
20855
20864
20866
20874
20876
20878
20884
20887
20907
20919
20921
20942
20944
20949
20954
20964
20966
20967
20989
20998
23002
23014
23025
23036
23060
23070
23082
23103
23113
23114
23135
23162
23174
23180
23182
23192
23195
23202
23205
23215
23218
23227
23241
23258
23261
23264
23269
23273
23281
23284
23291
23302
23313
23321
23326
23342
23358
23361
23369
23372
23380
23386
23390
23391
23404
23413
23424
23427
23438
23445
23447
23450
23459
23461
23485
23491
23493
23504
23513
23520
23524
23535
23537
23546
23548
23557
23573
23580
23587
23589
23592
23594
23602
23604
23614
23627
23635
23647
23651
23658
23669
23671
23679
23681
23694
23699
23702
23704
23715
23724
23726
23729
23738
23740
23746
23750
23769
23771
23784
23790
23791
23793
23795
23802
23814
23817
23826
23837
23847
23868
23872
23879
23884
23890
23891
23893
23895
23897
23902
23912
23913
23918
23924
23927
23936
23939
23946
23949
23957
23960
23969
23985
23990
27006
27010
27021
27023
27026
27030
27042
27044
27055
27063
27065
27070
27075
27077
27086
27089
27090
27097
27100
27106
27119
27123
27131
27133
27138
27143
27145
27152
27163
27165
27174
27178
27186
27188
27199
27201
27205
27207
27211
27218
27233
27240
27244
27250
27253
27255
27257
27262
27265
27277
27279
27283
27286
27289
27294
27297
27301
27307
27310
27318
27322
27333
27334
27339
27353
27366
27368
27371
27373
27375
27377
27382
27385
27387
27390
27395
27397
27399
27408
27410
27412
27415
27418
27424
27437
27439
27443
27451
27453
27455
27464
27466
27472
27476
27478
27486
27497
27505
27508
27512
27519
27531
27534
27538
27542
27546
27550
27552
27556
27559
27564
27566
27574
27576
27586
27588
27596
27598
27604
27607
27609
27616
27620
27622
27623
27630
27642
27653
27664
27666
27675
27677
27685
27698
27709
27711
27718
27722
27727
27730
27732
27735
27737
27745
27753
27755
27760
27763
27765
27767
27776
27778
27785
27787
27793
27797
27800
27805
27808
27811
27820
27822
27826
27828
27832
27838
27841
27854
27857
27865
27867
27868
27871
27877
27886
27895
27900
27907
27910
27921
27931
27943
27952
27962
27973
27984
27988
27997
27999
33024
33137
33281
33293
33348
33392
33426
33473
33526
33570
33582
33592
33614
33703
33793
33801
33815
33825
33903
33912
33992
34004
34006
34009
34012
34015
34017
34019
34023
34024
34028
34030
34032
34038
34043
34046
34048
34054
34059
34061
34066
34071
34073
34075
34093
34107
34110
34116
34120
34127
34129
34131
34133
34135
34138
34141
34149
34151
34153
34157
34159
34161
34165
34167
34172
34174
34176
34179
34182
34184
34186
34193
34196
34200
34201
34205
34207
34210
34214
34217
34219
34221
34227
34232
34238
34240
34243
34246
34251
34260
34262
34264
34268
34270
34272
34274
34282
34284
34286
34288
34290
34292
34294
34296
34298
34303
34305
34307
34309
34312
34314
34316
34328
34330
34332
34340
34342
34348
34350
34352
34359
34361
34364
34366
34370
34372
34374
34376
34381
34384
34386
34390
34393
34395
34399
34405
34407
34414
34416
34419
34427
34429
34432
34437
34440
34442
34445
34450
34459
34461
34463
34465
34470
34473
34475
34477
34481
34484
34487
34494
34496
34498
34501
34505
34507
34514
34516
34518
34520
34525
34527
34529
34534
34537
34539
34541
34551
34560
34562
34566
34568
34570
34573
34583
34586
34588
34594
34601
34604
34606
34608
34610
34614
34617
34619
34621
34625
34629
34632
34634
34638
34640
34642
34647
34649
34652
34656
34659
34661
34663
34667
34670
34672
34674
34684
34688
34690
34692
34694
34696
34698
34703
34707
34714
34716
34718
34723
34731
34736
34738
34741
34745
34747
34749
34751
34755
34760
34763
34765
34772
34781
34784
34786
34793
34795
34797
34800
34801
34805
34807
34809
34816
34818
34823
34826
34831
34837
34839
34847
34849
34851
34853
34856
34858
34860
34862
34864
34870
34872
34874
34877
34880
34882
34884
34887
34889
34893
34895
34898
34904
34907
34915
34925
34927
34930
34934
34937
34940
34949
34951
34953
34958
34961
34963
34969
34971
34974
34977
34978
34981
34985
34988
34993
34995
34997
34999
35001
35005
35017
35049
35073
35104
35215
35230
35237
35272
35283
35293
35304
35314
35337
35360
35381
35403
35448
35481
35503
35525
35527
35538
35581
35583
35604
35628
35670
35684
35712
35716
35728
35737
35769
35795
35803
35815
35847
35860
35881
35915
35937
35947
35950
35960
35994
36011
36014
36023
36028
36043
36045
36055
36057
36066
36075
36078
36088
36090
36103
36110
36117
36122
36138
36144
36155
36166
36176
36228
36230
36234
36256
36277
36288
36307
36320
36329
36333
36344
36351
36353
36365
36369
36377
36381
36387
36389
36409
36422
36431
36439
36442
36456
36464
36467
36472
36474
36476
36480
36485
36488
36500
36509
36541
36545
36559
36572
36577
36587
36597
36609
36615
36617
36622
36629
36632
36634
36637
36652
36664
36666
36686
36689
36696
36700
36709
36714
36718
36722
36729
36733
36743
36752
36755
36756
36772
36789
36798
36800
36804
36811
36820
36822
36833
36855
36861
36864
36873
36877
36878
36884
36886
36907
36909
36941
36943
36946
36958
36966
36972
36976
36985
41009
41011
41016
41022
41027
41039
41049
41052
41054
41062
41064
41067
41090
41094
41098
41109
41116
41118
41127
41131
41139
41154
41172
41174
41183
41187
41194
41196
41199
41209
41220
41232
41248
41251
41260
41272
41275
41285
41298
41306
41319
41334
41339
41341
41343
41346
41350
41360
41364
41373
41377
41385
41398
41405
41407
41416
41427
41438
41443
41450
41453
41462
41468
41490
41493
41497
41505
41512
41520
41526
41528
41539
41542
41545
41550
41556
41560
41563
41567
41576
41587
41594
41596
41606
41608
41617
41623
41626
41638
41642
41650
41653
41659
41661
41663
41671
41676
41684
41698
41703
41708
41712
41714
41716
41718
41720
41722
41727
41731
41736
41754
41759
41772
41783
41795
41797
41805
41816
41818
41820
41829
41834
41838
41861
41875
41878
41882
41885
41895
41897
41908
41919
41934
41936
41948
41960
41962
41966
41967
41977
41982
41984
41992
41994
44011
44042
44065
44076
44088
44123
44144
44156
44188
44200
44225
44245
44267
44271
44310
44321
44331
44364
44387
44400
44412
44442
44453
44456
44466
44487
44517
44521
44533
44545
44559
44576
44586
44621
44655
44656
44665
44697
44700
44711
44730
44744
44745
44755
44765
44767
44775
44791
44820
44827
44831
44855
44878
44888
44899
44931
44974
44978
44985
45858
