00000000000100000000000000000100000000000000000000000000000000000001000000000000000000000000000000000000000001000000000000000000000100000000000000000000000000000000001000000
00000000000000000000100000000100000000000000000010000000000000000000000000000000000000000000000000000000000000000000000000000000000000000000000000010000000000000000000000000
00100000000000000000000010100000000000000000000000000000000000000001000000000000000000000001000000000000000001000000000000000000000100000000000000010001000000000001001000000
00000000000000000000000000000100000000010000000010000000000000000000000000000000000000000000000000000000000000000000000000000000000000000000000000000000000000000000000000000
00000000000000000000000000000100000000010000000010000000000000000001000000000000000000000000000000001000000000000000000000000000000100000000000000010000000000000000001000000
00000000000010000000000000000100000000000000000010000000000000000000000000000000000000000000000000000000000000000000000010000000000000000000000000010000000000000000000000000
00000000000000000000000100001000000000000000000000000100000000000001000010000000000001100000000000001000000000000000000000010000001100000100000000010000000000000000000000100
00000000000000000000000010000100000000000010000000000000000000000000000010000000000000000000000000000000000000000000000000000100000000100000000000010000000000000000000000000
00000000000000000000000000000100000000000000000010000000000000000001000010000000000000000000000000000000000000000000000000000000000100000000000000010000000000000000001000000
00000000000000000000000000000100000000000000000000000000000000000000000000000000000000000000000000000000000000000000000000000000000000000000000000010000000000000000000000000
00000000000000000000000010000100000000000000000000000000000000000001000000000000000000000000000000000000000000000000000000000000000100000000000000010000000000000000001000000
00000000000000000000000000000100000000000000000000000000000000000001000000000000000000000000000000001000000100000000000100000000000100000000000000010000000000000000001000000
00000000000000000000000000000100000000000000000000000000000000000000000010000000000000000000000000000000000000000000000000000000010000000000000000010000000000000000000000000
00000000000000000001000000000100000000000000000010000000000000000001000000000000000000000000000000001000000100000000000000010000001100000000000100010000001000000000010000000
00000000000000000000000000000000000001000000000010000000000000000000000000000000000000000000000000000000000000000000000000000000000100000000000000010000000000000001000000000
00001000000000000000000110001100000000000000000000000000000000000001000000000000000000100000000000000000000000000000000000000000000100000100000000010000000000000000001000000
00000000000000000000110010001000000000000000000000000000000000000001000000000000000000000000000000000000000000000000000000000000000100110000000000010000000000000000001000000
00000000000000000000000000000100000000000000000000000000000000000000000000000001100000000010000000000000000000000000000000000000000100000100001000000000000000000000001000000
00000000000000000000000000000100000000000000000000000000000000000001000010000000000000000000000000000000000101000000000100000000000100000010000000010000000000000000001000000
00000000000000000000000000000100000000000000000000000000000000000000000000000000000000000000000000000000000000000000000000000000000000000011000000010000000000000000000000000
00000000000010000000100000000100000000000000000000000000000000000000000000000000100000000000000000000000000000000000000000000000000000000000000000010000000000000000001000000
00000000011000000000000000000000000000000000000000000000000000000001000000000000000000000000000000000000000000000000000000000000000100000100000000000000000010000000101000000
00000000000000000000000000000100000000000000000000000000000000000000000000000000000000000000000000100000000000000000000000000000000000000000000000000000000000000000000000000
00000000000000000000000010000000000000001010000000000000000000000000000010000000000000000000000000000000000000000000000000000100010010100000000000010000000000000100000000000
00000000000000000001110010001000010000000000000000000000000000000001000000000000000000000000000000000000000000000000000000000000000100100000000000000000000000000000001000000
00000000000100000000000010000100000000000000000000000000100000000001000000000000000000000000000000000000000001000000000000000000001100000000000000000000000000000001001000000
00000000000000000000000110000100000000000000000010000000000000000001000010000010000000000000100000000000000000000000000000000000000100000000000000010000000000000001000000000
00000000000000000000000000000000000000000000000000000000000001000001000010000000100000000000000000000000000000000000000000000000001100000100000000000000000000000000001000000
00000000000000000000000000100000000000001000000000000000001000000000000000000000000000000000000000000000000000000000000000000000000000000000000000000000000000000100000100000
00001000000000000000000000000000000000000000000000000000000000000001000000000000000000000010000000001010000000000000000000000000000100000000000000000000000000000000000000100
00000000000000000000000000000000100000000000000000000000000001000000000010000000000000000000000000000000000000000000000000000000000100000000000000010000000000000000000000000
00000000000010000000000010000100000000000010001000000000000000000000000010000000000000000000100000000000000000000000000000000000000000000000000000010000000100000000001000000
00000000000000000000100000000100000000000000000000000000000000000000000000010000000000000000000000001000000000000000000000000000000100000000000000000000000000000000001000000
00000000000100000000000100000000000000000000000000000000000000000001000000000000001000000000000010000000000001000000000000000000000100000000000000010000000000000000000000000
00000000000000000000000000100100000000000000000000000100000000000001000000000000000000000000000000010000000000000000000000000000000100000000000000010000000000000000001000000
00000000000000000000001000000000000001000000010010000000000000000000000000000000000000000000000000000000000100000000000000000000000100000000000000010000000000000000000000000
00000000000000000000000000100000000000000010000000000000000000000001000000010000000000000010000000001010000100000000000000010000001100000000000100000000000000000000001000000
00000000000000000000000000000100000000000000000010000000100000000000000000000000000000000000000000000000000000000000000000000000000000000000000000000000000000000000000000000
00000000000000000000000000000100000000000000000000000000000000000001000000000000000000000000000000000000000001000000000000000000000100000010000000010000000000000000001000000
00000000000000000000100000100100000000000000000010000000000000000000000000000000000000000000000000010000000001000000000000000000000000000010000000010000000000000000001000000
00000000000000000000000000000100000000000000000000000000000000000001000000000000000000000000000000000000000000000000000000010000000100000000000000010000000000000000000000000
00000000000000000000001000100000100000000000000000000000000000000001000010000000000000000000000000001000000000000000000000010000000100000000000000000000000000000000001000000
00000000000010000000000000000100000000000000000000100000000000000000000000000000000000000000000000000000000000000000000000000000000000000000000000010000000000000000000000000
00000000000000000000000010000000000000000000000000000001000000000000000000000000000000000000000000000000000001000000000000000000000000000001000000000000000000000000000000001
