8106
8118
8127
8135
8172
8204
8284
8382
8394
8484
8526
8593
8605
8893
8916
14071
14112
14171
14204
14229
14661
14694
14705
14759
14927
14959
28007
28018
28019
28020
28028
28035
28039
28040
28041
28060
28061
28062
28071
28072
28073
28074
28084
28094
28095
28096
28097
28106
28107
28117
28118
28128
28129
28146
28149
28152
28153
28157
28160
28168
28172
28175
28179
28184
28190
28194
28195
28196
28197
28201
28205
28206
28207
28208
28209
28210
28212
28216
28218
28219
28220
28221
28222
28223
28228
28230
28231
28239
28240
28241
28242
28243
28244
28245
28250
28251
28252
28253
28254
28255
28256
28257
28261
28262
28263
28264
28271
28283
28284
28294
28295
28304
28305
28306
28316
28317
28318
28319
28327
28334
28338
28339
28340
28341
28342
28350
28351
28352
28353
28354
28355
28360
28361
28362
28363
28364
28365
28372
28383
28384
28385
28386
28387
28394
28395
28405
28406
28408
28416
28417
28427
28428
28429
28433
28438
28439
28440
28441
28442
28445
28449
28450
28451
28452
28453
28454
28455
28456
28464
28474
28475
28479
28483
28490
28494
28495
28496
28497
28498
28499
28500
28501
28512
28526
28527
28528
28529
28537
28538
28539
28549
28561
28562
28563
28564
28572
28573
28575
28584
28585
28594
28595
28601
28605
28606
28612
28617
28627
28629
28630
28638
28639
28640
28641
28649
28650
28651
28652
28653
28654
28655
28660
28661
28662
28663
28664
28665
28666
28667
28672
28674
28675
28683
28684
28685
28686
28687
28690
28694
28695
28696
28701
28705
28706
28707
28712
28717
28723
28727
28728
28729
28737
28738
28740
28741
28742
28749
28750
28751
28752
28760
28770
28771
28772
28774
28775
28778
28782
28783
28784
28785
28795
28804
28806
28811
28815
28816
28827
28828
28829
28839
28840
28849
28850
28851
28852
28853
28860
28861
28871
28872
28873
28882
28883
28884
28885
28894
28897
28898
28905
28906
28907
28916
28917
28918
28919
28920
28921
28922
28923
28927
28928
28929
28934
28938
28939
28940
28941
28945
28949
28950
28956
28959
28960
28961
28962
28963
28967
28970
28971
28982
28989
28992
28993
28994
28995
29005
29016
29035
29093
29104
29118
29126
29130
29140
29149
29150
29161
29168
29171
29199
29217
29238
29257
29260
29283
29284
29309
29317
29325
29326
29412
29449
29454
29462
29482
29484
29505
29506
29527
29549
29571
29572
29593
29604
29627
29637
29649
29660
29683
29690
29728
29731
29737
29738
29749
29752
29783
29806
29807
29815
29826
29837
29905
29912
29948
29953
29959
29981
29982
31135
31658
37005
37006
37028
37051
37071
37094
37127
37149
37157
37172
37193
37195
37235
37239
37262
37326
37349
37383
37394
37416
37506
37538
37560
37561
37627
37671
37727
37782
37818
37959
37961
37983
45024
45028
45039
45062
45071
45084
45093
45094
45096
45119
45120
45127
45128
45129
45139
45140
45150
45161
45171
45173
45184
45192
45223
45228
45240
45251
45272
45293
45305
45316
45318
45327
45339
45340
45357
45361
45362
45363
45371
45372
45373
45382
45394
45405
45407
45417
45426
45427
45428
45437
45449
45450
45451
45462
45472
45477
45479
45484
45490
45506
45507
45515
45526
45527
45528
45529
45530
45550
45561
45572
45583
45584
45590
45617
45627
45640
45649
45672
45673
45684
45690
45695
45706
45712
45716
45717
45734
45738
45739
45748
45760
45772
45782
45783
45805
45807
45808
45816
45821
45826
45827
45831
45849
45861
45871
45882
45894
45895
45896
45912
45916
45917
45934
45948
45960
45965
45982
45983
45984
36019
36021
36029
36040
36041
36042
36052
36054
36074
36094
36095
36097
36109
36118
36135
36140
36142
36143
36146
36152
36168
36175
36197
36199
36205
36217
36231
36241
36242
36245
36255
36262
36266
36274
36276
36287
36295
36297
36312
36319
36332
36340
36341
36364
36372
36376
36390
36407
36410
36423
36428
36429
36451
36462
36463
36473
36486
36487
36493
36506
36512
36516
36517
36523
36534
36550
36585
36586
36590
36596
36623
36639
36654
36662
36663
36665
36684
36688
36693
36698
36710
36739
36741
36749
36762
36774
36795
36817
36829
36831
36832
36874
36888
36895
36908
36919
36928
36950
36956
36961
36964
36977
36982
36986
36996
26000
26003
26036
26037
26048
26113
26114
26137
26147
26148
26159
26170
26192
26202
26215
26224
26225
26236
26259
26260
26280
26292
26302
26303
26313
26324
26348
26358
26359
26369
26370
26371
26380
26402
26413
26415
26424
26437
26446
26472
26480
26492
26502
26524
26546
26558
26559
26568
26569
26581
26591
26592
26613
26624
26625
26646
26657
26669
26679
26680
26690
26702
26703
26725
26736
26746
26758
26769
26780
26781
26790
26801
26802
26814
26824
26835
26837
26880
26890
26892
26902
26903
26913
26924
26925
26935
26936
26937
26946
26970
26979
26980
26981
26990
4000
4001
4002
4003
4004
4005
4013
4014
4015
4024
4025
4026
4027
4035
4036
4037
4039
4047
4048
4049
4058
4059
4069
4070
4072
4073
4080
4081
4082
4083
4091
4092
4094
4102
4103
4112
4113
4114
4117
4124
4125
4126
4127
4128
4136
4137
4138
4147
4148
4149
4158
4159
4160
4169
4170
4171
4180
4181
4182
4191
4192
4193
4195
4202
4203
4204
4205
4213
4214
4215
4224
4225
4226
4227
4228
4235
4236
4237
4239
4247
4248
4249
4251
4258
4259
4262
4269
4270
4271
4272
4280
4281
4282
4291
4292
4293
4294
4302
4303
4304
4313
4314
4324
4325
4326
4328
4335
4336
4337
4338
4339
4346
4347
4348
4349
4358
4359
4360
4362
4369
4370
4371
4380
4381
4382
4391
4392
4393
4402
4403
4404
4406
4413
4414
4415
4424
4425
4426
4427
4435
4436
4446
4447
4448
4457
4458
4459
4460
4461
4469
4470
4472
4479
4480
4481
4490
4491
4492
4493
4494
4502
4503
4505
4513
4514
4524
4525
4526
4535
4536
4537
4546
4547
4548
4549
4557
4558
4559
4568
4569
4570
4580
4581
4582
4591
4592
4602
4603
4604
4605
4613
4614
4615
4617
4624
4625
4627
4635
4636
4637
4646
4647
4649
4657
4658
4659
4668
4669
4670
4672
4679
4680
4681
4682
4683
4684
4691
4692
4693
4702
4703
4704
4712
4713
4714
4715
4724
4725
4726
4735
4736
4737
4746
4747
4757
4758
4759
4760
4768
4769
4770
4779
4780
4781
4782
4790
4791
4792
4793
4795
4801
4802
4803
4804
4812
4813
4814
4815
4816
4824
4825
4826
4835
4836
4837
4846
4847
4848
4849
4857
4858
4859
4868
4869
4871
4879
4880
4881
4882
4890
4891
4892
4893
4901
4902
4903
4904
4912
4913
4914
4915
4917
4924
4925
4926
4935
4936
4946
4947
4948
4949
4957
4958
4960
4968
4969
4979
4980
4981
4982
4990
4991
4992
8005
8015
8069
8124
8169
8205
8270
8425
8448
8504
8524
8625
8672
8693
8703
8714
8726
8747
8758
8770
8825
8859
8892
8912
10368
12000
12001
12002
12003
12005
12006
12014
12015
12016
12017
12018
12025
12026
12027
12028
12029
12035
12036
12037
12038
12039
12040
12041
12042
12046
12047
12049
12050
12051
12052
12053
12054
12055
12056
12058
12059
12060
12069
12070
12071
12073
12077
12078
12080
12081
12082
12091
12093
12094
12095
12096
12097
12098
12099
12102
12103
12104
12105
12106
12107
12108
12109
12110
12111
12112
12113
12114
12115
12116
12117
12118
12119
12120
12121
12122
12123
12124
12125
12126
12127
12128
12129
12135
12136
12138
12139
12140
12147
12148
12149
12150
12151
12152
12153
12157
12158
12159
12160
12161
12162
12163
12164
12165
12168
12169
12170
12171
12172
12179
12180
12181
12182
12183
12190
12191
12192
12194
12195
12196
12197
12198
12200
12202
12203
12204
12205
12213
12214
12215
12217
12218
12223
12224
12225
12226
12227
12228
12229
12235
12236
12237
12238
12239
12246
12247
12249
12250
12251
12258
12259
12260
12262
12268
12269
12270
12271
12272
12273
12274
12275
12280
12281
12282
12283
12284
12285
12286
12291
12292
12294
12295
12302
12303
12304
12305
12306
12307
12309
12313
12314
12316
12317
12318
12324
12325
12326
12327
12328
12329
12330
12331
12332
12333
12334
12335
12336
12337
12339
12340
12341
12342
12345
12346
12347
12349
12350
12351
12357
12358
12359
12360
12361
12362
12363
12368
12369
12370
12371
12372
12373
12374
12375
12380
12382
12383
12384
12385
12391
12392
12393
12394
12402
12403
12405
12406
12407
12408
12413
12414
12416
12417
12418
12424
12425
12426
12427
12428
12429
12430
12433
12435
12436
12437
12443
12444
12445
12446
12447
12448
12449
12450
12457
12458
12459
12460
12461
12462
12468
12469
12470
12471
12472
12473
12474
12479
12480
12481
12482
12483
12484
12485
12490
12491
12492
12493
12494
12495
12496
12497
12502
12503
12504
12505
12506
12507
12511
12513
12514
12516
12517
12519
12520
12521
12523
12524
12525
12527
12528
12529
12530
12531
12535
12536
12538
12539
12542
12543
12544
12546
12548
12549
12550
12556
12557
12558
12559
12560
12561
12562
12563
12564
12565
12566
12567
12569
12570
12571
12572
12579
12580
12581
12582
12583
12584
12587
12588
12590
12591
12592
12593
12594
12595
12596
12601
12602
12603
12604
12605
12606
12607
12608
12612
12613
12614
12615
12616
12617
12618
12624
12625
12626
12627
12628
12629
12630
12631
12632
12635
12636
12637
12638
12639
12640
12641
12646
12647
12648
12657
12658
12659
12660
12661
12667
12668
12669
12671
12672
12673
12676
12677
12678
12679
12680
12681
12682
12683
12684
12685
12686
12687
12688
12689
12690
12691
12692
12694
12702
12703
12705
12706
12707
12708
12713
12714
12715
12716
12717
12718
12724
12725
12726
12727
12728
12729
12730
12731
12735
12736
12737
12738
12739
12740
12741
12742
12743
12744
12746
12747
12748
12749
12750
12751
12757
12758
12759
12762
12763
12764
12765
12766
12768
12769
12770
12771
12772
12773
12776
12777
12779
12780
12781
12782
12783
12787
12788
12789
12790
12791
12793
12794
12795
12796
12797
12798
12801
12802
12804
12805
12806
12807
12808
12809
12812
12813
12814
12815
12816
12817
12823
12824
12825
12826
12828
12829
12832
12833
12834
12835
12836
12837
12838
12839
12846
12848
12849
12852
12853
12854
12855
12857
12858
12859
12860
12861
12862
12863
12868
12870
12871
12879
12880
12881
12882
12890
12891
12892
12893
12894
12895
12898
12901
12902
12903
12905
12906
12907
12908
12912
12913
12914
12915
12916
12917
12919
12924
12925
12926
12927
12929
12930
12935
12936
12937
12938
12939
12940
12941
12942
12943
12944
12946
12948
12949
12950
12954
12955
12957
12958
12959
12960
12961
12968
12969
12970
12971
12976
12979
12980
12981
12982
12983
12990
12991
12992
12993
12994
12995
12998
12999
14000
14001
14002
14003
14004
14005
14013
14014
14015
14024
14025
14026
14027
14036
14037
14038
14047
14048
14058
14059
14060
14069
14070
14080
14081
14082
14091
14092
14102
14103
14105
14113
14114
14115
14116
14124
14125
14126
14127
14136
14137
14138
14147
14148
14158
14159
14160
14169
14170
14180
14181
14182
14191
14192
14193
14202
14203
14213
14214
14215
14224
14225
14226
14235
14236
14237
14246
14247
14248
14258
14259
14269
14270
14271
14280
14281
14282
14291
14292
14293
14302
14303
14313
14314
14324
14325
14335
14336
14337
14338
14346
14347
14348
14349
14357
14358
14359
14360
14369
14370
14380
14381
14391
14392
14393
14402
14403
14413
14414
14424
14425
14435
14436
14437
14446
14447
14448
14457
14458
14459
14461
14468
14469
14470
14471
14479
14480
14481
14482
14491
14492
14493
14502
14513
14514
14524
14525
14535
14536
14546
14547
14548
14557
14558
14560
14568
14569
14570
14579
14580
14581
14590
14591
14592
14593
14602
14603
14613
14614
14615
14624
14625
14635
14636
14646
14647
14648
14657
14658
14659
14660
14668
14669
14670
14672
14679
14680
14681
14690
14691
14692
14702
14703
14713
14714
14715
14724
14725
14735
14736
14746
14747
14748
14757
14758
14768
14769
14779
14780
14781
14782
14790
14791
14792
14802
14803
14813
14814
14824
14825
14835
14836
14846
14847
14848
14849
14857
14858
14868
14869
14879
14880
14890
14891
14892
14901
14902
14903
14913
14914
14915
14924
14925
14926
14935
14936
14937
14946
14947
14948
14949
14957
14958
14968
14969
14979
14980
14981
14990
14991
14992
14993
22024
22028
22043
22150
22157
22194
22340
22673
22716
28038
28050
28082
28093
28116
28137
28171
28182
28183
28215
28217
28246
28249
28260
28272
28349
28357
28359
28370
28371
28382
28393
28414
28457
28462
28471
28515
28560
28570
28581
28583
28592
28648
28715
28792
28848
28901
28969
28991
29004
29024
29037
29049
29081
29082
29116
29127
29170
29182
29203
29214
29215
29227
29228
29237
29248
29249
29270
29271
29292
29293
29302
29305
29314
29337
29346
29349
29360
29370
29371
29403
29436
29437
29448
29492
29503
29514
29515
29525
29537
29568
29579
29581
29603
29626
29635
29658
29670
29681
29692
29714
29726
29769
29770
29781
29792
29801
29836
29848
29870
29880
29903
29914
29924
29936
29947
29958
33000
33001
33002
33003
33004
33005
33006
33007
33008
33009
33010
33011
33012
33013
33014
33015
33016
33017
33018
33019
33020
33021
33022
33023
33025
33026
33027
33028
33029
33030
33031
33032
33033
33034
33035
33036
33037
33038
33039
33040
33041
33042
33043
33044
33045
33046
33047
33048
33049
33050
33051
33052
33053
33054
33055
33056
33057
33058
33059
33060
33061
33062
33063
33064
33065
33066
33067
33068
33069
33070
33071
33072
33073
33074
33075
33076
33077
33078
33079
33080
33081
33082
33083
33084
33085
33086
33087
33088
33089
33090
33091
33092
33093
33094
33095
33096
33097
33098
33099
33100
33101
33102
33103
33104
33105
33106
33107
33108
33109
33110
33111
33112
33113
33114
33115
33116
33117
33118
33119
33120
33121
33122
33123
33124
33125
33126
33127
33128
33129
33130
33131
33132
33133
33134
33135
33136
33138
33139
33140
33141
33142
33143
33144
33145
33146
33147
33148
33149
33150
33151
33152
33153
33154
33155
33156
33157
33158
33159
33160
33161
33162
33163
33164
33165
33166
33167
33168
33169
33170
33171
33172
33173
33174
33175
33176
33177
33178
33179
33180
33181
33182
33183
33184
33185
33186
33187
33188
33189
33190
33191
33192
33193
33194
33195
33196
33197
33198
33199
33200
33201
33202
33203
33204
33205
33206
33207
33208
33209
33210
33211
33212
33213
33214
33215
33216
33217
33218
33219
33220
33221
33222
33223
33224
33225
33226
33227
33228
33229
33230
33231
33232
33233
33234
33235
33236
33237
33238
33239
33240
33241
33242
33243
33244
33245
33246
33247
33248
33249
33250
33251
33252
33253
33254
33255
33256
33257
33258
33259
33260
33261
33262
33263
33264
33265
33266
33267
33268
33269
33270
33271
33272
33273
33274
33275
33276
33277
33278
33279
33280
33282
33283
33284
33285
33286
33287
33288
33289
33290
33291
33292
33294
33295
33296
33297
33298
33299
33300
33301
33302
33303
33304
33305
33306
33307
33308
33309
33310
33311
33312
33313
33314
33315
33316
33317
33318
33319
33320
33321
33322
33323
33324
33325
33326
33327
33328
33329
33330
33331
33332
33333
33334
33335
33336
33337
33338
33339
33340
33341
33342
33343
33344
33345
33346
33347
33349
33350
33351
33352
33353
33354
33355
33356
33357
33358
33359
33360
33361
33362
33363
33364
33365
33366
33367
33368
33369
33370
33371
33372
33373
33374
33375
33376
33377
33378
33379
33380
33381
33382
33383
33384
33385
33386
33387
33388
33389
33390
33391
33393
33394
33395
33396
33397
33398
33399
33400
33401
33402
33403
33404
33405
33406
33407
33408
33409
33410
33411
33412
33413
33414
33415
33416
33417
33418
33419
33420
33421
33422
33423
33424
33425
33427
33428
33429
33430
33431
33432
33433
33434
33435
33436
33437
33438
33439
33440
33441
33442
33443
33444
33445
33446
33447
33448
33449
33450
33451
33452
33453
33454
33455
33456
33457
33458
33459
33460
33461
33462
33463
33464
33465
33466
33467
33468
33469
33470
33471
33472
33474
33475
33476
33477
33478
33479
33480
33481
33482
33483
33484
33485
33486
33487
33488
33489
33490
33491
33492
33493
33494
33495
33496
33497
33498
33499
33500
33501
33502
33503
33504
33505
33506
33507
33508
33509
33510
33511
33512
33513
33514
33515
33516
33517
33518
33519
33520
33521
33522
33523
33524
33525
33527
33528
33529
33530
33531
33532
33533
33534
33535
33536
33537
33538
33539
33540
33541
33542
33543
33544
33545
33546
33547
33548
33549
33550
33551
33552
33553
33554
33555
33556
33557
33558
33559
33560
33561
33562
33563
33564
33565
33566
33567
33568
33569
33571
33572
33573
33574
33575
33576
33577
33578
33579
33580
33581
33583
33584
33585
33586
33587
33588
33589
33590
33591
33593
33594
33595
33596
33597
33598
33599
33600
33601
33602
33603
33604
33605
33606
33607
33608
33609
33610
33611
33612
33613
33615
33616
33617
33618
33619
33620
33621
33622
33623
33624
33625
33626
33627
33628
33629
33630
33631
33632
33633
33634
33635
33636
33637
33638
33639
33640
33641
33642
33643
33644
33645
33646
33647
33648
33649
33650
33651
33652
33653
33654
33655
33656
33657
33658
33659
33660
33661
33662
33663
33664
33665
33666
33667
33668
33669
33670
33671
33672
33673
33674
33675
33676
33677
33678
33679
33680
33681
33682
33683
33684
33685
33686
33687
33688
33689
33690
33691
33692
33693
33694
33695
33696
33697
33698
33699
33700
33701
33702
33704
33705
33706
33707
33708
33709
33710
33711
33712
33713
33714
33715
33716
33717
33718
33719
33720
33721
33722
33723
33724
33725
33726
33727
33728
33729
33730
33731
33732
33733
33734
33735
33736
33737
33738
33739
33740
33741
33742
33743
33744
33745
33746
33747
33748
33749
33750
33751
33752
33753
33754
33755
33756
33757
33758
33759
33760
33761
33762
33763
33764
33765
33766
33767
33768
33769
33770
33771
33772
33773
33774
33775
33776
33777
33778
33779
33780
33781
33782
33783
33784
33785
33786
33787
33788
33789
33790
33791
33792
33794
33795
33796
33797
33798
33799
33800
33802
33803
33804
33805
33806
33807
33808
33809
33810
33811
33812
33813
33814
33816
33817
33818
33819
33820
33821
33822
33823
33824
33826
33827
33828
33829
33830
33831
33832
33833
33834
33835
33836
33837
33838
33839
33840
33841
33842
33843
33844
33845
33846
33847
33848
33849
33850
33851
33852
33853
33854
33855
33856
33857
33858
33859
33860
33861
33862
33863
33864
33865
33866
33867
33868
33869
33870
33871
33872
33873
33874
33875
33876
33877
33878
33879
33880
33881
33882
33883
33884
33885
33886
33887
33888
33889
33890
33891
33892
33893
33894
33895
33896
33897
33898
33899
33900
33901
33902
33904
33905
33906
33907
33908
33909
33910
33911
33913
33914
33915
33916
33917
33918
33919
33920
33921
33922
33923
33924
33925
33926
33927
33928
33929
33930
33931
33932
33933
33934
33935
33936
33937
33938
33939
33940
33941
33942
33943
33944
33945
33946
33947
33948
33949
33950
33951
33952
33953
33954
33955
33956
33957
33958
33959
33960
33961
33962
33963
33964
33965
33966
33967
33968
33969
33970
33971
33972
33973
33974
33975
33976
33977
33978
33979
33980
33981
33982
33983
33984
33985
33986
33987
33988
33989
33990
33991
33993
33994
33995
33996
33997
33998
33999
37000
37001
37002
37003
37004
37013
37014
37015
37024
37025
37026
37027
37036
37037
37047
37048
37049
37050
37058
37062
37069
37070
37080
37081
37082
37091
37092
37093
37102
37103
37104
37112
37113
37114
37115
37116
37124
37125
37126
37136
37137
37147
37148
37158
37159
37169
37170
37171
37180
37181
37191
37192
37194
37202
37203
37204
37213
37214
37215
37224
37225
37226
37227
37236
37237
37238
37247
37248
37249
37250
37257
37258
37259
37260
37261
37268
37269
37270
37271
37280
37281
37284
37291
37302
37303
37304
37313
37314
37324
37325
37335
37336
37337
37338
37346
37347
37348
37350
37358
37359
37360
37369
37370
37380
37382
37391
37392
37402
37403
37413
37414
37415
37424
37425
37426
37435
37436
37446
37447
37448
37449
37450
37457
37458
37459
37468
37469
37470
37471
37479
37480
37481
37491
37492
37493
37502
37503
37504
37513
37514
37516
37524
37525
37526
37535
37546
37547
37557
37558
37559
37568
37569
37570
37580
37581
37583
37591
37592
37593
37602
37603
37604
37613
37614
37624
37625
37626
37635
37636
37637
37646
37647
37648
37657
37658
37659
37668
37669
37670
37679
37680
37681
37682
37690
37691
37692
37693
37695
37702
37703
37704
37713
37714
37715
37716
37724
37725
37735
37736
37737
37738
37746
37747
37748
37757
37758
37768
37769
37770
37779
37780
37781
37790
37791
37792
37801
37802
37803
37804
37813
37814
37816
37824
37825
37835
37836
37846
37847
37848
37857
37858
37868
37869
37879
37880
37881
37890
37891
37892
37901
37902
37903
37904
37913
37914
37915
37924
37925
37926
37927
37935
37936
37937
37946
37947
37948
37957
37958
37968
37969
37979
37980
37981
37990
37991
37992
39003
39004
39013
39015
39025
39026
39037
39039
39048
39049
39059
39060
39070
39080
39081
39082
39094
39105
39114
39115
39116
39136
39147
39148
39159
39161
39169
39170
39171
39172
39202
39226
39235
39238
39246
39247
39248
39249
39257
39291
39293
39304
39314
39325
39326
39336
39337
39357
39358
39359
39369
39371
39393
39413
39414
39424
39425
39426
39436
39446
39448
39457
39459
39461
39470
39481
39491
39492
39503
39504
39515
39537
39538
39547
39557
39560
39568
39570
39581
39582
39591
39592
39593
39602
39604
39613
39614
39624
39625
39627
39636
39646
39647
39648
39658
39670
39679
39681
39682
39702
39714
39725
39736
39737
39738
39739
39748
39757
39779
39780
39781
39792
39793
39801
39802
39803
39824
39835
39836
39837
39846
39847
39858
39868
39870
39879
39880
39891
39892
39893
39901
39902
39925
39926
39936
39937
39946
39947
39970
39971
39990
39992
40015
40016
40026
40060
40114
40124
40126
40137
40147
40228
40346
40347
40369
40381
40383
40413
40424
40425
40448
40459
40483
40493
40525
40536
40548
40569
40571
40583
40592
40615
40624
40625
40626
40668
40691
40693
40713
40726
40748
40758
40802
40826
40881
40892
40913
40959
40968
40990
45000
45001
45002
45003
45004
45005
45006
45013
45014
45015
45016
45025
45026
45027
45036
45037
45038
45047
45048
45049
45058
45059
45060
45061
45069
45070
45072
45080
45081
45082
45083
45091
45092
45102
45103
45112
45113
45114
45115
45116
45124
45125
45126
45135
45136
45137
45138
45146
45147
45148
45149
45158
45159
45160
45169
45170
45172
45180
45181
45182
45191
45193
45202
45203
45204
45213
45214
45215
45216
45224
45225
45226
45227
45235
45236
45237
45238
45239
45246
45247
45248
45249
45258
45259
45260
45269
45270
45271
45280
45281
45282
45283
45291
45292
45302
45303
45304
45313
45314
45315
45324
45325
45326
45335
45336
45337
45338
45346
45347
45348
45349
45350
45351
45358
45359
45360
45368
45369
45370
45380
45381
45383
45391
45392
45393
45402
45403
45404
45413
45414
45415
45424
45425
45435
45436
45438
45446
45447
45448
45457
45458
45459
45460
45468
45469
45470
45471
45480
45481
45482
45483
45491
45492
45493
45494
45502
45503
45504
45505
45513
45514
45524
45525
45535
45536
45537
45546
45547
45557
45558
45559
45560
45568
45569
45570
45579
45580
45581
45591
45593
45594
45595
45602
45603
45613
45614
45615
45624
45625
45626
45635
45636
45637
45638
45646
45647
45648
45657
45658
45659
45668
45669
45670
45679
45680
45681
45682
45691
45692
45694
45701
45702
45703
45713
45714
45715
45724
45725
45726
45735
45736
45737
45746
45747
45757
45758
45759
45768
45769
45770
45779
45780
45781
45790
45791
45792
45793
45801
45802
45803
45804
45812
45813
45814
45815
45824
45825
45835
45836
45837
45846
45847
45848
45857
45859
45868
45869
45870
45879
45880
45881
45890
45891
45892
45901
45902
45903
45904
45905
45913
45914
45924
45925
45926
45935
45936
45937
45946
45947
45957
45958
45959
45968
45969
45970
45971
45979
45980
45981
45990
45991
45992
45993
40012
40032
40033
40034
40043
40045
40054
40055
40056
40065
40066
40067
40068
40079
40099
40100
40166
40167
40178
40179
40186
40210
40211
40222
40265
40267
40276
40278
40286
40287
40288
40289
40310
40311
40322
40323
40356
40366
40367
40378
40388
40389
40411
40423
40432
40433
40434
40444
40455
40465
40466
40475
40476
40478
40498
40499
40500
40522
40543
40567
40577
40578
40586
40631
40632
40633
40666
40688
40689
40711
40731
40732
40733
40743
40753
40754
40755
40765
40766
40800
40810
40811
40821
40822
40831
40844
40877
40899
40900
40909
40910
40944
40966
40976
40978
40986
40987
40988
40989
40999
3114
3591
3680
3705
3881
18893
19103
19138
19148
19271
19436
19547
19592
19670
19837
19914
19969
43213
43326
43791
43858
43981
22177
22178
22179
22218
22255
22266
22267
22733
22796
22855
22943
37009
37010
37011
37012
37020
37021
37022
37023
37031
37032
37033
37034
37042
37043
37044
37045
37053
37054
37055
37056
37063
37064
37065
37066
37067
37074
37075
37076
37077
37078
37079
37087
37088
37089
37090
37097
37098
37099
37100
37101
37108
37109
37110
37111
37120
37121
37122
37123
37130
37131
37132
37133
37134
37143
37144
37145
37153
37154
37155
37156
37164
37165
37166
37167
37176
37177
37178
37179
37186
37187
37188
37189
37190
37197
37198
37199
37200
37201
37209
37210
37211
37212
37219
37220
37221
37222
37231
37232
37233
37234
37243
37244
37245
37252
37253
37254
37255
37256
37264
37265
37266
37267
37275
37276
37277
37278
37286
37289
37296
37298
37299
37300
37301
37308
37309
37310
37311
37312
37319
37320
37321
37322
37323
37331
37332
37333
37341
37342
37343
37344
37345
37354
37356
37364
37365
37366
37367
37376
37377
37378
37386
37387
37388
37389
37390
37397
37398
37399
37400
37408
37409
37410
37411
37412
37418
37419
37420
37421
37422
37423
37431
37432
37433
37434
37442
37443
37444
37453
37454
37455
37456
37464
37465
37467
37475
37476
37477
37478
37486
37487
37488
37489
37498
37499
37500
37509
37510
37511
37512
37519
37520
37521
37522
37523
37530
37531
37532
37533
37534
37540
37542
37543
37544
37545
37552
37553
37554
37555
37564
37565
37566
37567
37575
37576
37577
37578
37586
37587
37588
37589
37597
37598
37599
37600
37607
37608
37609
37610
37611
37620
37622
37623
37630
37631
37632
37633
37640
37641
37642
37643
37644
37645
37653
37654
37655
37656
37664
37665
37666
37667
37675
37676
37677
37678
37687
37688
37689
37698
37699
37700
37708
37709
37710
37711
37719
37720
37721
37722
37731
37732
37733
37734
37741
37742
37743
37744
37745
37752
37753
37754
37755
37756
37762
37763
37764
37765
37766
37767
37774
37775
37776
37777
37778
37786
37787
37788
37789
37796
37798
37799
37800
37809
37810
37811
37819
37820
37821
37822
37830
37831
37832
37833
37842
37843
37844
37853
37854
37855
37856
37864
37865
37866
37867
37875
37876
37877
37878
37885
37886
37887
37888
37889
37897
37898
37899
37900
37908
37909
37910
37911
37918
37919
37920
37921
37922
37930
37931
37932
37933
37941
37942
37943
37944
37952
37953
37954
37955
37956
37964
37965
37966
37967
37974
37975
37976
37977
37978
37986
37987
37988
37989
37997
37998
37999
44055
44107
44428
44707
41000
41001
41002
41003
41004
41005
41006
41007
41008
41013
41014
41015
41017
41018
41019
41024
41025
41026
41028
41029
41030
41035
41036
41037
41038
41040
41041
41044
41046
41047
41048
41050
41051
41057
41058
41059
41060
41061
41063
41069
41070
41071
41072
41073
41074
41076
41080
41081
41082
41083
41084
41085
41086
41087
41088
41091
41092
41093
41095
41096
41102
41103
41104
41105
41106
41107
41112
41113
41114
41115
41117
41119
41120
41124
41125
41126
41128
41129
41135
41136
41137
41138
41140
41141
41146
41147
41148
41149
41150
41151
41152
41157
41158
41159
41160
41161
41162
41163
41169
41170
41171
41173
41176
41180
41181
41182
41184
41185
41188
41191
41192
41193
41195
41198
41202
41203
41204
41205
41206
41207
41208
41213
41214
41215
41216
41217
41218
41219
41223
41224
41225
41226
41227
41228
41229
41230
41231
41235
41236
41237
41238
41239
41240
41241
41242
41246
41247
41249
41250
41252
41254
41255
41257
41258
41259
41261
41262
41263
41264
41268
41269
41270
41271
41273
41274
41279
41280
41281
41282
41283
41284
41290
41291
41292
41293
41294
41295
41296
41297
41301
41302
41303
41304
41305
41307
41308
41313
41314
41315
41316
41317
41318
41324
41325
41326
41327
41328
41329
41330
41335
41336
41337
41338
41340
41347
41348
41349
41351
41352
41353
41357
41358
41359
41361
41362
41363
41365
41368
41369
41370
41371
41372
41374
41379
41380
41381
41382
41383
41384
41390
41391
41392
41393
41394
41395
41396
41402
41403
41404
41406
41408
41413
41414
41415
41417
41418
41419
41424
41425
41426
41428
41429
41430
41435
41436
41437
41439
41440
41442
41445
41446
41447
41448
41449
41451
41452
41457
41458
41459
41460
41461
41463
41464
41469
41470
41471
41472
41473
41474
41475
41479
41480
41481
41482
41483
41484
41485
41486
41491
41492
41494
41495
41496
41501
41502
41503
41504
41506
41507
41508
41513
41514
41515
41516
41517
41518
41519
41521
41523
41524
41525
41527
41529
41531
41535
41536
41537
41538
41540
41541
41546
41547
41548
41549
41551
41552
41554
41557
41558
41559
41561
41562
41564
41566
41569
41570
41571
41572
41573
41574
41575
41579
41580
41581
41582
41583
41584
41585
41590
41591
41592
41593
41595
41601
41602
41603
41604
41605
41607
41609
41610
41612
41613
41614
41615
41616
41618
41619
41620
41624
41625
41627
41628
41629
41630
41635
41636
41637
41639
41640
41641
41646
41647
41648
41649
41651
41652
41657
41658
41660
41662
41668
41669
41670
41672
41673
41674
41679
41680
41681
41682
41683
41685
41686
41687
41690
41691
41692
41693
41694
41695
41696
41697
41701
41702
41704
41705
41706
41707
41713
41715
41717
41723
41724
41725
41726
41728
41729
41734
41735
41737
41738
41739
41740
41741
41742
41746
41747
41748
41749
41750
41751
41752
41753
41757
41758
41760
41761
41762
41768
41769
41770
41771
41773
41775
41779
41780
41781
41782
41784
41785
41786
41790
41791
41792
41793
41794
41796
41801
41802
41803
41804
41806
41807
41809
41812
41813
41814
41815
41817
41823
41824
41825
41826
41827
41828
41830
41835
41836
41837
41839
41841
41845
41846
41847
41848
41849
41850
41856
41857
41858
41859
41860
41865
41868
41869
41870
41871
41872
41873
41874
41879
41880
41881
41883
41884
41890
41891
41892
41893
41894
41896
41901
41902
41903
41904
41905
41906
41907
41912
41913
41914
41915
41916
41917
41918
41920
41923
41924
41925
41926
41927
41928
41929
41930
41935
41937
41938
41939
41940
41941
41942
41945
41946
41947
41949
41950
41951
41952
41953
41956
41957
41958
41959
41961
41964
41968
41969
41970
41971
41972
41973
41974
41979
41980
41981
41983
41985
41987
41990
41991
41993
41995
41996
9025
9026
9038
9046
9047
9048
9085
9135
9139
9146
9149
9151
9159
9160
9163
9173
9218
9223
9235
9238
9262
9263
9346
9371
9392
9414
9419
9427
9440
9457
9469
9470
9471
9474
9480
9481
9492
9504
9506
9513
9514
9517
9571
9581
9594
9605
9627
9628
9639
9643
9660
9685
9729
9748
9770
9783
9813
9815
9823
9826
9830
9892
9928
9939
9948
9951
9957
9962
9968
9969
9983
9984
9991
25007
25009
25010
25011
25012
25020
25021
25022
25023
25030
25031
25032
25033
25034
25041
25042
25043
25044
25045
25053
25054
25055
25056
25064
25065
25066
25067
25068
25074
25075
25076
25077
25078
25079
25086
25087
25088
25089
25090
25096
25097
25098
25099
25100
25101
25107
25108
25109
25110
25111
25120
25121
25122
25123
25131
25132
25133
25134
25141
25142
25143
25144
25145
25151
25152
25153
25154
25155
25156
25164
25165
25166
25167
25175
25176
25177
25178
25179
25185
25186
25187
25188
25189
25190
25196
25197
25198
25199
25200
25201
25207
25208
25209
25210
25211
25212
25218
25219
25220
25221
25222
25229
25231
25232
25233
25234
25242
25243
25244
25245
25252
25253
25254
25255
25256
25262
25263
25264
25265
25266
25267
25275
25276
25277
25278
25284
25285
25286
25287
25288
25289
25290
25297
25298
25299
25300
25301
25307
25308
25309
25310
25311
25312
25319
25320
25321
25322
25323
25329
25330
25331
25332
25333
25342
25343
25344
25345
25351
25352
25353
25354
25355
25356
25362
25364
25365
25366
25367
25373
25374
25375
25376
25377
25378
25386
25387
25388
25389
25390
25396
25397
25398
25399
25400
25401
25407
25408
25409
25410
25411
25412
25419
25420
25421
25422
25423
25429
25430
25431
25432
25433
25434
25441
25442
25443
25444
25445
25453
25454
25455
25456
25463
25464
25465
25466
25467
25475
25476
25477
25478
25485
25486
25487
25488
25489
25496
25497
25498
25499
25500
25501
25507
25508
25509
25510
25511
25512
25519
25520
25521
25522
25523
25529
25530
25531
25532
25533
25534
25540
25541
25542
25543
25544
25545
25551
25552
25553
25554
25555
25556
25562
25563
25564
25565
25566
25567
25575
25576
25577
25578
25585
25586
25587
25588
25589
25597
25598
25599
25600
25606
25608
25609
25610
25611
25612
25618
25619
25620
25621
25622
25623
25630
25631
25632
25633
25634
25639
25640
25641
25642
25643
25644
25645
25652
25653
25654
25655
25656
25662
25663
25664
25665
25666
25667
25674
25675
25676
25677
25678
25685
25686
25687
25688
25689
25695
25697
25698
25699
25700
25706
25708
25709
25710
25711
25718
25719
25720
25721
25722
25729
25730
25731
25732
25733
25734
25740
25741
25742
25743
25744
25745
25752
25753
25754
25755
25756
25762
25763
25764
25765
25766
25767
25773
25774
25775
25776
25777
25778
25786
25787
25788
25789
25795
25796
25797
25798
25799
25800
25808
25809
25810
25811
25818
25819
25820
25821
25822
25829
25830
25831
25832
25833
25834
25838
25839
25841
25842
25843
25844
25845
25851
25852
25853
25854
25855
25856
25861
25863
25864
25865
25866
25867
25873
25875
25876
25877
25878
25884
25885
25886
25887
25888
25889
25897
25898
25899
25900
25907
25908
25909
25910
25911
25918
25919
25920
25921
25922
25923
25930
25931
25932
25933
25940
25941
25942
25943
25944
25945
25950
25951
25952
25953
25954
25955
25956
25963
25964
25965
25966
25967
25974
25975
25976
25977
25978
25984
25985
25986
25987
25988
25989
25994
25995
25996
25997
25998
25999
5000
5001
5002
5003
5004
5013
5014
5015
5025
5026
5027
5035
5036
5037
5047
5048
5049
5058
5059
5060
5069
5070
5071
5072
5080
5081
5091
5092
5102
5103
5106
5112
5113
5114
5115
5116
5124
5125
5126
5127
5135
5136
5137
5138
5147
5148
5149
5158
5159
5169
5170
5171
5180
5181
5182
5191
5192
5193
5202
5203
5204
5213
5214
5215
5216
5224
5225
5226
5227
5235
5236
5237
5238
5247
5248
5249
5258
5259
5269
5270
5280
5281
5282
5291
5292
5303
5313
5314
5315
5324
5325
5326
5335
5336
5337
5338
5346
5348
5349
5358
5359
5370
5371
5380
5381
5391
5392
5394
5402
5403
5413
5414
5415
5424
5425
5435
5436
5437
5446
5447
5448
5449
5457
5458
5459
5460
5468
5469
5470
5480
5481
5482
5483
5491
5492
5502
5504
5506
5513
5514
5524
5525
5535
5536
5537
5546
5547
5548
5549
5557
5558
5559
5568
5569
5570
5579
5581
5582
5591
5592
5602
5603
5604
5613
5614
5624
5625
5635
5636
5646
5647
5648
5658
5668
5669
5670
5671
5679
5680
5681
5682
5690
5691
5692
5693
5702
5703
5704
5713
5714
5715
5724
5725
5726
5735
5736
5737
5746
5747
5757
5758
5760
5768
5769
5770
5779
5780
5781
5790
5791
5792
5794
5801
5803
5804
5813
5814
5824
5825
5827
5835
5836
5837
5846
5847
5848
5857
5858
5868
5869
5871
5879
5880
5881
5890
5891
5892
5893
5894
5901
5902
5903
5904
5912
5913
5914
5915
5924
5925
5926
5935
5936
5946
5947
5948
5957
5958
5968
5969
5979
5980
5990
5991
5992
18890
4076
4088
4133
4143
4154
4155
4199
4209
4265
4267
4290
4355
4532
4553
4567
4588
4621
4643
4664
4665
4710
4732
4742
4743
4754
4764
4776
4777
4797
4811
4844
4886
4911
35227
35570
35590
8013
8016
8024
8038
8059
8060
8115
8126
8214
8226
8238
8304
8348
8349
8350
8381
8393
8446
8503
8515
8546
8559
8560
8570
8580
8583
8591
8592
8636
8660
8671
8702
8748
8914
8925
8947
8958
8991
21000
21001
21002
21003
21004
21005
21006
21007
21008
21009
21010
21011
21012
21013
21014
21015
21016
21017
21018
21019
21020
21021
21022
21023
21024
21025
21026
21027
21028
21029
21030
21031
21032
21033
21034
21035
21036
21037
21038
21039
21040
21041
21042
21043
21044
21045
21046
21047
21048
21049
21050
21051
21052
21053
21054
21055
21056
21057
21058
21059
21060
21061
21062
21063
21064
21065
21066
21067
21068
21069
21070
21071
21072
21073
21074
21075
21076
21077
21078
21079
21080
21081
21082
21083
21084
21085
21086
21087
21088
21089
21090
21091
21092
21093
21094
21095
21096
21097
21098
21099
21100
21101
21102
21103
21104
21105
21106
21107
21108
21109
21110
21111
21112
21113
21114
21115
21116
21117
21118
21119
21120
21121
21122
21123
21124
21125
21126
21127
21128
21129
21130
21131
21132
21133
21134
21135
21136
21137
21138
21139
21140
21141
21142
21143
21144
21145
21146
21147
21148
21149
21150
21151
21152
21153
21154
21155
21156
21157
21158
21159
21160
21161
21162
21163
21164
21165
21166
21167
21168
21169
21170
21171
21172
21173
21174
21175
21176
21177
21178
21179
21180
21181
21182
21183
21184
21185
21186
21187
21188
21189
21190
21191
21192
21193
21194
21195
21196
21197
21198
21199
21200
21201
21202
21203
21204
21205
21206
21207
21208
21209
21210
21211
21212
21213
21214
21215
21216
21217
21218
21219
21220
21221
21222
21223
21224
21225
21226
21227
21228
21229
21230
21231
21232
21233
21234
21235
21236
21237
21238
21239
21240
21241
21242
21243
21244
21245
21246
21247
21248
21249
21250
21251
21252
21253
21254
21255
21256
21257
21258
21259
21260
21261
21262
21263
21264
21265
21266
21267
21268
21269
21270
21271
21272
21273
21274
21275
21276
21277
21278
21279
21280
21281
21282
21283
21284
21285
21286
21287
21288
21289
21290
21291
21292
21293
21294
21295
21296
21297
21298
21299
21300
21301
21302
21303
21304
21305
21306
21307
21308
21309
21310
21311
21312
21313
21314
21315
21316
21317
21318
21319
21320
21321
21322
21323
21324
21325
21326
21327
21328
21329
21330
21331
21332
21333
21334
21335
21336
21337
21338
21339
21340
21341
21342
21343
21344
21345
21346
21347
21348
21349
21350
21351
21352
21353
21354
21355
21356
21357
21358
21359
21360
21361
21362
21363
21364
21365
21366
21367
21368
21369
21370
21371
21372
21373
21374
21375
21376
21377
21378
21379
21380
21381
21382
21383
21384
21385
21386
21387
21388
21389
21390
21391
21392
21393
21394
21395
21396
21397
21398
21399
21400
21401
21402
21403
21404
21405
21406
21407
21408
21409
21410
21411
21412
21413
21414
21415
21416
21417
21418
21419
21420
21421
21422
21423
21424
21425
21426
21427
21428
21429
21430
21431
21432
21433
21434
21435
21436
21437
21438
21439
21440
21441
21442
21443
21444
21445
21446
21447
21448
21449
21450
21451
21452
21453
21454
21455
21456
21457
21458
21459
21460
21461
21462
21463
21464
21465
21466
21467
21468
21469
21470
21471
21472
21473
21474
21475
21476
21477
21478
21479
21480
21481
21482
21483
21484
21485
21486
21487
21488
21489
21490
21491
21492
21493
21494
21495
21496
21497
21498
21499
21500
21501
21502
21503
21504
21505
21506
21507
21508
21509
21510
21511
21512
21513
21514
21515
21516
21517
21518
21519
21520
21521
21522
21523
21524
21525
21526
21527
21528
21529
21530
21531
21532
21533
21534
21535
21536
21537
21538
21539
21540
21541
21542
21543
21544
21545
21546
21547
21548
21549
21550
21551
21552
21553
21554
21555
21556
21557
21558
21559
21560
21561
21562
21563
21564
21565
21566
21567
21568
21569
21570
21571
21572
21573
21574
21575
21576
21577
21578
21579
21580
21581
21582
21583
21584
21585
21586
21587
21588
21589
21590
21591
21592
21593
21594
21595
21596
21597
21598
21599
21600
21601
21602
21603
21604
21605
21606
21607
21608
21609
21610
21611
21612
21613
21614
21615
21616
21617
21618
21619
21620
21621
21622
21623
21624
21625
21626
21627
21628
21629
21630
21631
21632
21633
21634
21635
21636
21637
21638
21639
21640
21641
21642
21643
21644
21645
21646
21647
21648
21649
21650
21651
21652
21653
21654
21655
21656
21657
21658
21659
21660
21661
21662
21663
21664
21665
21666
21667
21668
21669
21670
21671
21672
21673
21674
21675
21676
21677
21678
21679
21680
21681
21682
21683
21684
21685
21686
21687
21688
21689
21690
21691
21692
21693
21694
21695
21696
21697
21698
21699
21700
21701
21702
21703
21704
21705
21706
21707
21708
21709
21710
21711
21712
21713
21714
21715
21716
21717
21718
21719
21720
21721
21722
21723
21724
21725
21726
21727
21728
21729
21730
21731
21732
21733
21734
21735
21736
21737
21738
21739
21740
21741
21742
21743
21744
21745
21746
21747
21748
21749
21750
21751
21752
21753
21754
21755
21756
21757
21758
21759
21760
21761
21762
21763
21764
21765
21766
21767
21768
21769
21770
21771
21772
21773
21774
21775
21776
21777
21778
21779
21780
21781
21782
21783
21784
21785
21786
21787
21788
21789
21790
21791
21792
21793
21794
21795
21796
21797
21798
21799
21800
21801
21802
21803
21804
21805
21806
21807
21808
21809
21810
21811
21812
21813
21814
21815
21816
21817
21818
21819
21820
21821
21822
21823
21824
21825
21826
21827
21828
21829
21830
21831
21832
21833
21834
21835
21836
21837
21838
21839
21840
21841
21842
21843
21844
21845
21846
21847
21848
21849
21850
21851
21852
21853
21854
21855
21856
21857
21858
21859
21860
21861
21862
21863
21864
21865
21866
21867
21868
21869
21870
21871
21872
21873
21874
21875
21876
21877
21878
21879
21880
21881
21882
21883
21884
21885
21886
21887
21888
21889
21890
21891
21892
21893
21894
21895
21896
21897
21898
21899
21900
21901
21902
21903
21904
21905
21906
21907
21908
21909
21910
21911
21912
21913
21914
21915
21916
21917
21918
21919
21920
21921
21922
21923
21924
21925
21926
21927
21928
21929
21930
21931
21932
21933
21934
21935
21936
21937
21938
21939
21940
21941
21942
21943
21944
21945
21946
21947
21948
21949
21950
21951
21952
21953
21954
21955
21956
21957
21958
21959
21960
21961
21962
21963
21964
21965
21966
21967
21968
21969
21970
21971
21972
21973
21974
21975
21976
21977
21978
21979
21980
21981
21982
21983
21984
21985
21986
21987
21988
21989
21990
21991
21992
21993
21994
21995
21996
21997
21998
21999
25002
25005
25017
25024
25025
25026
25028
25029
25038
25039
25049
25073
25083
25092
25093
25104
25105
25112
25114
25115
25116
25118
25125
25128
25139
25140
25170
25172
25182
25183
25194
25203
25204
25206
25223
25226
25227
25228
25235
25237
25238
25239
25246
25247
25248
25251
25257
25260
25269
25270
25281
25282
25292
25293
25295
25302
25303
25304
25316
25317
25325
25337
25349
25357
25371
25372
25379
25381
25392
25393
25403
25415
25416
25424
25436
25449
25459
25460
25468
25470
25471
25473
25481
25483
25490
25492
25493
25495
25502
25513
25514
25515
25516
25527
25528
25539
25547
25557
25561
25569
25570
25571
25572
25582
25584
25591
25593
25594
25602
25603
25605
25625
25629
25635
25638
25647
25648
25649
25657
25660
25669
25672
25680
25681
25682
25692
25693
25694
25703
25714
25715
25725
25726
25727
25735
25748
25749
25760
25770
25771
25780
25783
25790
25802
25803
25812
25813
25824
25827
25828
25835
25837
25847
25848
25857
25858
25859
25860
25869
25872
25881
25890
25895
25896
25901
25902
25904
25912
25913
25915
25926
25928
25946
25949
25960
25969
25970
25982
25991
25992
25993
28001
28005
28013
28016
28024
28027
28059
28070
28081
28092
28104
28105
28112
28126
28127
28135
28138
28139
28150
28159
28170
28193
28204
28227
28238
28259
28282
28292
28293
28303
28315
28326
28346
28404
28415
28426
28437
28460
28461
28468
28470
28482
28493
28503
28504
28514
28525
28548
28579
28582
28590
28593
28614
28615
28625
28626
28628
28637
28647
28658
28659
28670
28671
28682
28692
28693
28703
28704
28716
28726
28748
28759
28769
28790
28793
28794
28801
28805
28826
28859
28870
28893
28903
28904
28912
28915
28926
28937
28958
28981
29001
29015
29027
29060
29061
29070
29103
29112
29181
29193
29223
29235
29246
29304
29316
29357
29381
29382
29392
29414
29582
29636
29647
29694
29703
29725
29748
29803
29858
29860
29869
29881
29892
29893
29937
29970
29991
31681
11028
11048
11049
11059
11080
11081
11119
11170
11171
11192
11193
11225
11271
11314
11348
11415
11424
11425
11428
11435
11436
11439
11449
11468
11503
11505
11557
11571
11572
11591
11606
11635
11639
11648
11649
11657
11660
11662
11692
11693
11704
11725
11736
11750
11770
11772
11796
11803
11849
11858
11870
11902
11936
11937
11940
11950
11968
11969
11970
11973
17002
17006
17008
17009
17019
17028
17029
17030
17031
17038
17039
17040
17041
17046
17050
17052
17053
17057
17062
17064
17072
17073
17074
17082
17085
17095
17096
17107
17108
17109
17116
17117
17118
17120
17127
17128
17129
17130
17135
17139
17142
17150
17151
17152
17172
17179
17183
17184
17185
17186
17196
17197
17206
17215
17217
17229
17231
17238
17239
17240
17241
17249
17251
17261
17264
17268
17274
17284
17285
17286
17294
17296
17303
17305
17306
17317
17319
17328
17334
17339
17340
17341
17342
17349
17350
17352
17353
17354
17362
17363
17373
17374
17379
17384
17390
17395
17396
17405
17406
17407
17418
17429
17440
17442
17445
17451
17452
17461
17462
17473
17479
17485
17490
17494
17495
17496
17501
17505
17507
17517
17518
17528
17530
17531
17540
17548
17550
17561
17564
17571
17573
17585
17594
17595
17596
17601
17604
17605
17606
17607
17617
17623
17628
17629
17634
17636
17640
17651
17652
17658
17663
17675
17685
17693
17694
17695
17696
17697
17698
17707
17712
17716
17717
17718
17719
17729
17730
17740
17748
17750
17752
17758
17762
17772
17783
17784
17785
17796
17807
17814
17816
17818
17819
17823
17829
17834
17839
17849
17851
17860
17861
17873
17883
17896
17897
17904
17906
17917
17927
17928
17929
17930
17934
17941
17945
17950
17961
17962
17971
17973
17982
17984
17992
13040
13051
13052
13059
13073
13080
13104
13108
13118
13125
13195
13249
13262
13295
13304
13306
13363
13368
13405
13436
13468
13507
13524
13527
13583
13595
13601
13609
13661
13672
13706
13708
13723
13726
13783
13817
13840
13862
13872
13891
13894
13983
13986
13994
19479
19496
19827
30006
30007
30083
30094
30141
30146
30161
30163
30173
30230
30274
30283
30417
30427
30452
30572
30672
30682
30716
30729
30760
30772
30817
30862
30871
35029
35075
35185
35206
35268
35284
35317
35340
35352
35368
35483
35484
35551
35573
35584
35595
35601
35629
35672
35761
35772
35849
35934
35961
35971
38229
38449
38459
38473
38483
38506
38518
38527
38550
38559
38573
38673
38793
38816
38840
38846
38946
38949
38957
43046
43328
43379
43439
43583
43750
5667
20010
20012
20033
20045
20046
20050
20051
20055
20057
20065
20088
20089
20096
20105
20111
20123
20133
20141
20153
20164
20175
20208
20233
20234
20239
20242
20250
20267
20317
20319
20321
20332
20351
20363
20373
20376
20378
20385
20387
20401
20420
20422
20429
20444
20452
20453
20454
20463
20465
20476
20498
20501
20506
20512
20550
20555
20586
20595
20598
20604
20610
20619
20622
20634
20640
20649
20650
20651
20662
20663
20677
20686
20696
20722
20729
20732
20742
20744
20755
20784
20786
20795
20796
20817
20833
20861
20862
20867
20886
20889
20911
20932
20933
20965
20999
45012
45034
45055
45056
45066
45067
45088
45089
45109
45121
45122
45134
45176
45177
45178
45189
45190
45199
45200
45201
45211
45265
45289
45299
45300
45309
45310
45311
45320
45321
45322
45345
45355
45356
45367
45399
45400
45409
45410
45411
45421
45422
45433
45434
45443
45466
45498
45499
45500
45511
45543
45577
45578
45609
45620
45621
45622
45642
45689
45698
45699
45700
45708
45709
45722
45767
45830
45843
45844
45853
45854
45855
45856
45865
45866
45867
45875
45876
45878
45898
45899
45920
45921
45931
45953
45954
45955
45997
45998
45999
25003
25015
25036
25124
25236
25313
25314
25346
25347
25358
25404
25425
25435
25438
25448
25524
25659
25793
25815
25826
25894
25914
25937
25980
39022
39031
39032
39056
39064
39074
39078
39079
39087
39099
39100
39109
39122
39143
39157
39165
39166
39168
39174
39175
39176
39177
39208
39209
39210
39211
39219
39220
39221
39222
39241
39252
39255
39256
39264
39273
39296
39318
39320
39331
39334
39341
39342
39343
39344
39345
39350
39353
39374
39375
39376
39379
39386
39399
39400
39441
39445
39453
39476
39486
39487
39488
39498
39499
39518
39528
39540
39542
39543
39544
39551
39552
39556
39564
39574
39597
39607
39608
39629
39630
39641
39642
39663
39665
39666
39675
39676
39686
39688
39710
39719
39720
39730
39733
39734
39742
39753
39764
39773
39774
39776
39789
39797
39798
39806
39807
39811
39818
39820
39863
39867
39873
39874
39885
39910
39911
39940
39941
39945
39953
39954
39955
39963
39964
39965
39966
39974
39975
39984
39985
39995
40010
40011
40020
40021
40022
40023
40031
40044
40052
40053
40064
40074
40086
40090
40097
40098
40110
40111
40120
40131
40132
40133
40134
40143
40145
40153
40156
40176
40177
40184
40185
40190
40196
40201
40206
40212
40221
40230
40231
40234
40245
40253
40254
40255
40256
40263
40264
40266
40277
40290
40296
40299
40300
40308
40309
40312
40318
40319
40320
40321
40330
40331
40332
40333
40334
40352
40364
40365
40375
40376
40377
40386
40397
40398
40399
40400
40409
40410
40412
40418
40419
40420
40422
40440
40441
40454
40456
40474
40485
40489
40510
40512
40517
40519
40520
40521
40523
40531
40532
40533
40534
40540
40541
40542
40545
40552
40556
40565
40585
40587
40588
40609
40610
40611
40643
40644
40653
40654
40676
40677
40678
40695
40700
40707
40708
40723
40730
40742
40744
40745
40778
40786
40797
40798
40799
40819
40820
40829
40830
40832
40833
40834
40841
40842
40843
40855
40856
40864
40865
40867
40878
40884
40887
40889
40897
40898
40911
40920
40931
40932
40942
40953
40954
40955
40964
40965
40973
40974
40985
38016
38082
38124
38202
38204
38216
38223
38272
38373
38613
38626
38679
38701
38736
38823
38904
38923
42000
42001
42002
42003
42004
42006
42013
42014
42015
42016
42017
42018
42019
42024
42025
42026
42027
42028
42029
42030
42035
42036
42037
42038
42039
42040
42041
42046
42047
42048
42049
42050
42051
42058
42059
42060
42061
42062
42069
42070
42071
42072
42073
42080
42081
42082
42083
42084
42091
42092
42093
42094
42102
42103
42104
42105
42106
42112
42113
42114
42115
42116
42117
42118
42124
42126
42128
42129
42135
42136
42137
42138
42139
42140
42146
42147
42148
42149
42150
42151
42157
42158
42159
42160
42161
42169
42170
42171
42172
42173
42180
42181
42182
42183
42184
42191
42192
42193
42194
42202
42203
42204
42205
42206
42213
42214
42215
42216
42217
42218
42223
42224
42226
42227
42228
42229
42235
42236
42237
42238
42239
42246
42247
42248
42249
42250
42251
42252
42257
42258
42259
42260
42261
42262
42268
42269
42270
42271
42272
42280
42281
42282
42283
42285
42291
42292
42293
42294
42295
42303
42304
42305
42306
42307
42314
42315
42316
42317
42324
42325
42326
42327
42328
42334
42335
42336
42337
42338
42339
42340
42346
42347
42348
42349
42350
42351
42357
42358
42359
42360
42361
42368
42369
42370
42371
42372
42373
42379
42380
42381
42382
42383
42384
42391
42392
42393
42394
42395
42396
42402
42403
42404
42405
42406
42407
42413
42414
42415
42416
42417
42418
42424
42425
42426
42427
42435
42436
42437
42438
42439
42446
42447
42448
42449
42450
42451
42457
42458
42460
42461
42462
42470
42471
42472
42473
42479
42480
42481
42482
42483
42484
42490
42492
42493
42494
42495
42496
42502
42504
42505
42506
42513
42514
42515
42516
42517
42524
42525
42526
42527
42528
42536
42537
42538
42539
42546
42547
42548
42549
42550
42558
42559
42560
42561
42562
42568
42569
42570
42571
42572
42573
42579
42580
42581
42582
42583
42584
42590
42592
42593
42594
42595
42602
42603
42605
42606
42613
42614
42615
42616
42617
42624
42625
42626
42627
42628
42635
42636
42637
42638
42639
42647
42648
42649
42650
42658
42659
42660
42668
42669
42670
42671
42672
42673
42679
42680
42681
42682
42683
42684
42690
42691
42692
42693
42694
42701
42702
42703
42704
42705
42706
42712
42713
42715
42716
42724
42725
42726
42727
42728
42735
42736
42737
42738
42746
42747
42748
42749
42750
42757
42758
42759
42760
42768
42769
42770
42771
42772
42779
42780
42781
42782
42783
42784
42790
42791
42792
42793
42794
42801
42802
42803
42804
42805
42806
42807
42812
42813
42814
42815
42816
42817
42823
42824
42825
42826
42827
42828
42835
42837
42838
42839
42847
42848
42849
42850
42857
42858
42860
42868
42869
42870
42871
42872
42879
42880
42881
42882
42884
42890
42892
42893
42894
42895
42901
42902
42903
42904
42905
42906
42912
42913
42914
42915
42916
42917
42923
42924
42925
42926
42927
42928
42934
42938
42946
42947
42948
42949
42950
42957
42958
42959
42960
42961
42968
42969
42970
42971
42979
42980
42981
42982
42990
42991
42992
42993
42994
8030
8033
8041
8043
8064
8065
8076
8077
8088
8097
8098
8109
8120
8177
8178
8197
8211
8219
8264
8276
8289
8307
8308
8310
8320
8322
8331
8332
8341
8342
8343
8345
8354
8385
8387
8388
8397
8398
8399
8400
8401
8410
8419
8421
8432
8454
8486
8520
8530
8532
8541
8542
8551
8553
8578
8587
8609
8610
8621
8654
8667
8676
8686
8688
8720
8721
8722
8729
8730
8745
8753
8764
8776
8777
8778
8787
8789
8797
8800
8809
8820
8832
8843
8853
8854
8855
8856
8865
8889
8899
8900
8908
8911
8918
8940
8943
8944
8953
8956
8963
8964
8975
8978
8985
8986
19035
19141
19340
19838
1125
1248
1304
1424
1635
1669
1724
1768
1769
1791
1835
1936
3015
3026
3069
3080
3180
3181
3191
3213
3224
3247
3258
3259
3269
3280
3292
3302
3313
3347
3358
3359
3391
3402
3447
3481
3491
3537
3547
3580
3613
3624
3636
3669
3681
3702
3703
3757
3779
3780
3781
3813
3814
3835
3836
3847
3857
3914
3924
3935
3936
3947
3958
18000
18003
18025
18070
18080
18091
18102
18136
18147
18193
18213
18214
18224
18225
18226
18236
18258
18280
18294
18302
18313
18335
18369
18381
18391
18402
18446
18447
18458
18470
18480
18492
18493
18524
18535
18546
18557
18569
18602
18614
18635
18646
18648
18657
18658
18669
18681
18691
18714
18735
18736
18746
18768
18801
18824
18825
18835
18857
18891
18892
18901
18913
18946
18959
18968
18979
18990
19000
19001
19025
19026
19036
19038
19047
19048
19058
19069
19071
19080
19102
19113
19114
19125
19158
19180
19191
19202
19203
19224
19225
19235
19236
19237
19258
19259
19269
19280
19281
19291
19302
19314
19324
19335
19337
19347
19380
19392
19414
19424
19425
19446
19469
19470
19491
19492
19493
19502
19503
19513
19524
19525
19535
19536
19546
19569
19581
19602
19613
19624
19646
19647
19658
19668
19669
19680
19691
19702
19713
19714
19735
19747
19768
19779
19780
19781
19791
19792
19813
19815
19824
19846
19857
19869
19870
19879
19880
19890
19902
19913
19925
19946
19958
19979
32202
32459
32703
32990
43001
43002
43003
43013
43014
43025
43036
43038
43047
43058
43060
43069
43070
43080
43081
43082
43091
43103
43112
43113
43115
43124
43125
43126
43136
43147
43148
43159
43169
43170
43181
43191
43202
43203
43214
43224
43225
43236
43247
43258
43269
43280
43282
43302
43313
43335
43346
43348
43358
43369
43380
43402
43403
43413
43424
43435
43446
43447
43458
43459
43469
43470
43480
43491
43492
43502
43524
43525
43535
43546
43547
43557
43558
43571
43580
43581
43591
43602
43603
43613
43625
43635
43636
43646
43657
43658
43659
43668
43669
43679
43680
43691
43703
43713
43714
43724
43735
43736
43746
43748
43757
43758
43768
43779
43780
43790
43802
43803
43813
43824
43835
43836
43846
43857
43868
43879
43880
43890
43891
43892
43902
43912
43913
43914
43924
43925
43935
43936
43947
43958
43959
43968
43979
43990
45021
45022
45023
45033
45042
45043
45075
45076
45077
45087
45098
45099
45100
45108
45123
45133
45144
45145
45152
45153
45154
45155
45156
45164
45165
45166
45167
45197
45198
45208
45209
45210
45219
45220
45221
45222
45242
45243
45244
45245
45264
45266
45267
45277
45297
45298
45331
45332
45333
45354
45366
45374
45375
45377
45378
45401
45419
45420
45441
45442
45454
45455
45456
45463
45478
45486
45487
45488
45489
45496
45509
45510
45512
45519
45520
45521
45522
45523
45531
45532
45534
45542
45545
45554
45555
45556
45565
45566
45567
45586
45587
45588
45589
45598
45599
45600
45623
45631
45632
45633
45634
45641
45643
45644
45645
45652
45653
45654
45655
45656
45663
45664
45665
45666
45667
45674
45675
45676
45677
45678
45707
45719
45720
45721
45741
45742
45743
45752
45753
45754
45755
45764
45766
45774
45775
45778
45798
45799
45800
45810
45811
45818
45819
45820
45822
45832
45833
45842
45845
45864
45873
45874
45884
45885
45886
45887
45888
45889
45897
45900
45909
45910
45911
45919
45930
45932
45933
45942
45943
45944
45952
45963
45964
45967
45975
45976
45977
45978
45985
45986
45987
45988
45989
45996
14008
14029
14040
14062
14120
14156
14185
14197
14207
14242
14252
14342
14352
14363
14373
14396
14397
14506
14507
14508
14562
14606
14610
14612
14619
14631
14712
14723
14740
14755
14794
14861
14874
14895
14916
14917
14928
14929
14950
39008
39009
39010
39017
39019
39028
39030
39041
39042
39057
39062
39063
39068
39075
39076
39077
39083
39086
39095
39107
39119
39121
39140
39141
39146
39151
39152
39155
39164
39173
39179
39183
39184
39196
39205
39217
39231
39263
39265
39272
39279
39285
39286
39290
39306
39307
39309
39317
39319
39329
39351
39362
39363
39364
39373
39388
39390
39406
39407
39416
39428
39431
39440
39451
39456
39462
39463
39473
39474
39475
39479
39485
39494
39496
39497
39501
39506
39507
39508
39516
39517
39529
39539
39541
39545
39562
39573
39578
39584
39585
39587
39596
39605
39617
39619
39623
39634
39640
39652
39661
39662
39674
39684
39696
39701
39707
39723
39732
39750
39762
39763
39772
39785
39809
39810
39817
39819
39823
39850
39852
39856
39865
39872
39894
39896
39897
39906
39909
39918
39928
39930
39939
39951
39952
39956
39961
39962
39967
39972
39973
39978
39983
39996
40007
40009
40018
40027
40029
40040
40041
40042
40046
40051
40062
40063
40073
40075
40084
40085
40095
40108
40109
40119
40130
40144
40151
40152
40154
40162
40163
40164
40173
40174
40175
40187
40188
40189
40207
40217
40218
40219
40223
40229
40233
40240
40241
40242
40243
40244
40251
40252
40268
40274
40279
40284
40285
40294
40297
40301
40306
40329
40340
40341
40342
40343
40353
40363
40373
40374
40379
40385
40387
40390
40396
40401
40407
40408
40421
40428
40429
40431
40439
40450
40453
40462
40463
40464
40484
40486
40487
40488
40495
40496
40497
40501
40504
40506
40507
40529
40530
40539
40544
40551
40562
40563
40564
40566
40573
40574
40584
40594
40596
40597
40607
40608
40612
40618
40619
40620
40622
40623
40627
40629
40630
40634
40640
40641
40642
40645
40650
40651
40655
40661
40662
40667
40673
40674
40675
40696
40697
40698
40699
40709
40712
40719
40720
40728
40734
40738
40739
40741
40750
40762
40772
40796
40807
40818
40823
40828
40840
40848
40850
40852
40854
40862
40863
40872
40873
40874
40882
40888
40895
40907
40908
40915
40917
40918
40919
40928
40929
40930
40933
40938
40940
40941
40945
40950
40952
40962
40963
40967
40972
40983
40984
40995
40996
17018
17024
17051
17065
17075
17103
17106
17133
17163
17175
17207
17208
17209
17230
17243
17250
17253
17276
17279
17308
17330
17376
17387
17397
17408
17409
17417
17420
17439
17453
17468
17506
17516
17519
17544
17552
17562
17579
17612
17631
17660
17667
17673
17674
17677
17686
17731
17741
17771
17787
17806
17817
17828
17841
17850
17853
17854
17894
17905
17918
17953
17994
17995
24015
24037
24069
24214
24237
24325
24338
24357
24414
24513
24524
24558
24568
24668
24758
24794
24824
24912
24937
24958
15008
15009
15012
15018
15019
15021
15022
15028
15030
15031
15032
15040
15046
15052
15055
15062
15063
15064
15065
15067
15072
15074
15075
15077
15079
15084
15085
15086
15088
15089
15097
15098
15099
15101
15107
15109
15110
15119
15120
15121
15122
15123
15134
15141
15143
15152
15153
15154
15155
15156
15157
15163
15165
15167
15168
15183
15184
15185
15194
15195
15197
15199
15201
15205
15207
15209
15212
15218
15221
15232
15242
15244
15250
15251
15252
15253
15254
15255
15263
15264
15266
15272
15273
15278
15279
15284
15286
15289
15290
15296
15297
15298
15299
15300
15305
15309
15311
15321
15323
15329
15332
15342
15343
15344
15345
15350
15356
15365
15367
15368
15373
15379
15385
15388
15389
15397
15398
15400
15405
15408
15409
15417
15421
15422
15428
15430
15431
15432
15434
15444
15445
15454
15455
15456
15461
15464
15466
15467
15473
15478
15486
15496
15499
15500
15501
15508
15512
15516
15519
15521
15522
15530
15531
15533
15534
15539
15540
15542
15550
15555
15556
15562
15565
15566
15567
15583
15587
15589
15594
15598
15599
15604
15605
15607
15609
15611
15612
15618
15621
15622
15630
15634
15642
15643
15650
15651
15652
15653
15655
15661
15663
15665
15666
15672
15673
15674
15676
15677
15678
15688
15689
15697
15698
15699
15703
15709
15711
15717
15719
15721
15722
15732
15740
15741
15742
15744
15745
15749
15750
15754
15755
15761
15762
15763
15765
15774
15775
15778
15786
15789
15794
15795
15800
15805
15808
15810
15811
15816
15818
15819
15820
15830
15832
15837
15841
15845
15854
15855
15861
15862
15865
15873
15874
15875
15876
15878
15888
15889
15893
15895
15898
15907
15908
15917
15921
15922
15928
15930
15931
15938
15939
15940
15942
15943
15945
15950
15952
15954
15955
15960
15962
15963
15964
15966
15971
15974
15975
15976
15977
15978
15980
15984
15985
15986
15994
15997
15999
4016
4018
4028
4038
4050
4060
4061
4062
4104
4115
4116
4135
4162
4172
4184
4223
4238
4246
4273
4284
4305
4315
4317
4361
4372
4383
4428
4437
4438
4449
4471
4515
4517
4571
4572
4590
4638
4648
4650
4660
4671
4673
4705
4738
4748
4772
4794
4817
4827
4838
4851
4923
4927
4937
4951
12007
12008
12009
12010
12011
12012
12019
12020
12021
12022
12023
12024
12030
12031
12032
12033
12034
12043
12044
12045
12057
12061
12062
12063
12064
12065
12066
12067
12068
12074
12075
12076
12079
12083
12084
12085
12086
12087
12088
12089
12090
12100
12101
12130
12131
12132
12133
12134
12141
12142
12143
12144
12145
12146
12154
12155
12156
12166
12167
12173
12174
12175
12176
12177
12178
12184
12185
12186
12187
12188
12199
12201
12206
12207
12208
12209
12210
12211
12212
12219
12220
12221
12222
12230
12231
12232
12233
12234
12240
12241
12242
12243
12244
12245
12252
12253
12254
12255
12256
12257
12261
12263
12264
12265
12266
12267
12276
12279
12287
12288
12289
12290
12296
12297
12298
12299
12300
12301
12308
12310
12311
12312
12319
12320
12321
12323
12343
12344
12352
12353
12354
12355
12356
12364
12365
12366
12367
12376
12377
12378
12379
12386
12387
12388
12389
12390
12395
12396
12397
12398
12399
12400
12401
12409
12410
12411
12412
12419
12420
12421
12422
12423
12431
12432
12434
12451
12452
12453
12454
12455
12456
12463
12464
12465
12466
12475
12476
12477
12478
12486
12487
12488
12489
12498
12499
12500
12501
12508
12509
12510
12512
12518
12522
12532
12533
12534
12540
12541
12545
12551
12552
12553
12554
12555
12573
12574
12575
12576
12577
12578
12585
12586
12589
12597
12598
12599
12600
12609
12610
12611
12619
12620
12621
12622
12633
12642
12643
12644
12649
12650
12651
12652
12653
12654
12655
12662
12663
12674
12675
12693
12695
12696
12697
12698
12699
12700
12701
12704
12709
12710
12711
12712
12719
12720
12721
12722
12723
12732
12733
12734
12745
12756
12760
12761
12767
12774
12775
12778
12799
12800
12810
12811
12818
12819
12820
12821
12822
12831
12840
12841
12842
12843
12844
12845
12850
12851
12856
12864
12865
12867
12872
12873
12874
12875
12876
12877
12878
12883
12884
12885
12886
12887
12888
12889
12896
12897
12899
12900
12909
12910
12911
12920
12921
12922
12928
12931
12932
12933
12934
12945
12951
12952
12953
12956
12962
12963
12964
12965
12966
12967
12972
12973
12974
12975
12977
12978
12989
12996
12997
28046
28268
28273
28484
28673
28739
28761
28812
28823
28983
26007
26008
26009
26010
26011
26012
26018
26019
26020
26021
26022
26023
26030
26031
26032
26033
26034
26040
26041
26042
26043
26044
26045
26046
26053
26054
26055
26056
26057
26063
26064
26065
26066
26067
26068
26074
26075
26076
26077
26078
26079
26085
26086
26087
26088
26089
26090
26095
26096
26097
26098
26099
26100
26101
26107
26108
26109
26110
26111
26119
26120
26121
26122
26123
26130
26131
26132
26133
26134
26142
26143
26144
26145
26152
26153
26154
26155
26156
26164
26165
26166
26167
26174
26175
26176
26177
26178
26179
26185
26186
26187
26188
26189
26190
26196
26197
26198
26199
26200
26201
26207
26208
26209
26210
26211
26212
26218
26219
26220
26221
26222
26231
26232
26233
26234
26241
26242
26243
26244
26245
26251
26252
26253
26254
26255
26256
26263
26264
26265
26266
26267
26273
26274
26275
26276
26277
26278
26279
26286
26287
26288
26289
26290
26296
26297
26298
26299
26300
26301
26306
26307
26308
26309
26310
26311
26312
26318
26319
26320
26321
26322
26323
26327
26329
26330
26331
26332
26333
26334
26339
26342
26343
26344
26345
26352
26353
26354
26355
26356
26364
26365
26366
26367
26375
26376
26377
26378
26384
26385
26386
26387
26388
26389
26390
26396
26397
26398
26399
26400
26401
26407
26408
26409
26410
26411
26412
26418
26419
26420
26421
26422
26423
26429
26430
26431
26432
26433
26434
26440
26441
26442
26443
26444
26445
26451
26452
26453
26454
26455
26456
26463
26464
26465
26466
26467
26475
26476
26477
26478
26485
26486
26487
26488
26489
26496
26497
26498
26499
26500
26507
26508
26509
26510
26511
26512
26518
26519
26520
26521
26522
26523
26528
26530
26531
26532
26533
26534
26540
26541
26542
26543
26544
26545
26551
26552
26553
26554
26555
26556
26564
26565
26566
26567
26573
26574
26575
26576
26577
26578
26586
26587
26588
26589
26590
26597
26598
26599
26600
26607
26608
26609
26610
26611
26617
26618
26619
26620
26621
26622
26623
26628
26629
26630
26631
26632
26633
26634
26640
26641
26642
26643
26644
26645
26650
26652
26653
26654
26655
26656
26661
26663
26664
26665
26666
26667
26673
26674
26675
26676
26677
26678
26685
26686
26687
26688
26689
26696
26697
26698
26699
26700
26708
26709
26710
26711
26717
26718
26719
26720
26721
26722
26723
26729
26730
26731
26732
26733
26734
26739
26740
26741
26742
26743
26744
26745
26750
26751
26752
26753
26754
26755
26756
26762
26763
26764
26765
26766
26767
26774
26775
26776
26777
26778
26784
26785
26786
26787
26788
26789
26796
26797
26798
26799
26800
26807
26808
26809
26810
26811
26819
26820
26821
26822
26823
26827
26829
26830
26831
26832
26833
26834
26839
26840
26841
26842
26843
26844
26845
26852
26853
26854
26855
26856
26862
26863
26864
26865
26866
26867
26872
26873
26874
26875
26876
26877
26878
26883
26884
26885
26886
26887
26888
26889
26897
26898
26899
26900
26906
26907
26908
26909
26910
26911
26918
26919
26920
26921
26922
26929
26930
26931
26932
26933
26940
26941
26942
26943
26944
26945
26951
26952
26953
26954
26955
26956
26962
26963
26964
26965
26966
26967
26973
26974
26975
26976
26977
26978
26985
26986
26987
26988
26989
26996
26997
26998
26999
10014
10020
10021
10024
10038
10048
10049
10050
10053
10070
10078
10080
10089
10095
10100
10102
10107
10108
10109
10110
10112
10117
10118
10119
10125
10127
10149
10150
10154
10160
10176
10177
10178
10184
10187
10193
10203
10204
10205
10210
10213
10215
10223
10228
10238
10239
10243
10244
10245
10249
10250
10254
10255
10256
10259
10260
10261
10268
10270
10272
10281
10282
10283
10284
10285
10286
10288
10293
10294
10297
10298
10299
10300
10305
10306
10307
10308
10316
10317
10324
10325
10335
10339
10341
10350
10358
10360
10361
10364
10365
10369
10382
10384
10394
10395
10403
10405
10415
10427
10435
10436
10437
10439
10440
10443
10448
10449
10451
10458
10461
10470
10472
10473
10475
10476
10477
10478
10479
10483
10485
10489
10516
10528
10529
10538
10546
10548
10549
10579
10582
10583
10591
10592
10593
10605
10606
10607
10615
10624
10625
10631
10632
10647
10649
10653
10654
10659
10663
10671
10672
10681
10683
10684
10685
10690
10693
10694
10695
10699
10700
10704
10706
10707
10715
10718
10726
10727
10729
10730
10731
10732
10742
10746
10747
10748
10749
10750
10768
10779
10782
10784
10793
10803
10809
10810
10813
10816
10837
10838
10839
10847
10848
10860
10865
10866
10870
10879
10881
10882
10883
10892
10893
10894
10895
10897
10898
10899
10900
10904
10912
10913
10916
10917
10918
10923
10927
10931
10937
10938
10942
10949
10954
10958
10959
10961
10966
10970
10971
10972
10981
10983
10985
10986
10993
10998
22001
22015
22017
22035
22038
22046
22093
22103
22116
22117
22120
22125
22139
22181
22193
22202
22203
22223
22228
22236
22237
22247
22259
22268
22270
22271
22281
22282
22284
22302
22303
22324
22326
22334
22358
22359
22363
22380
22403
22415
22424
22425
22426
22467
22468
22487
22493
22494
22509
22513
22514
22527
22537
22546
22547
22549
22558
22562
22568
22574
22579
22581
22585
22590
22601
22604
22605
22606
22616
22618
22629
22637
22638
22658
22659
22671
22677
22680
22682
22683
22694
22717
22724
22725
22768
22786
22793
22800
22814
22823
22847
22858
22869
22880
22881
22892
22893
22895
22898
22918
22919
22925
22926
22938
22944
22960
22968
31192
31359
31535
31557
31901
44317
44671
2005
2016
2026
2059
2081
2091
2102
2105
2124
2125
2126
2135
2139
2146
2148
2158
2169
2173
2181
2183
2203
2205
2225
2228
2247
2261
2262
2269
2282
2302
2304
2325
2359
2360
2369
2370
2381
2393
2395
2403
2404
2413
2414
2426
2459
2472
2481
2482
2493
2503
2505
2513
2514
2519
2549
2557
2562
2571
2582
2584
2591
2604
2616
2624
2635
2637
2646
2647
2648
2681
2701
2714
2724
2726
2727
2748
2757
2760
2770
2771
2790
2812
2813
2860
2869
2871
2881
2904
2916
2926
2927
2936
2958
2971
2972
7
9
22
27
32
42
46
52
54
64
67
68
75
77
87
89
98
107
109
113
123
127
129
133
139
141
144
163
172
176
178
189
197
200
201
208
210
225
230
232
234
243
245
255
260
262
266
275
277
285
288
293
296
298
300
309
319
322
323
330
341
344
352
354
356
360
367
376
386
388
397
400
401
407
411
417
420
423
429
438
445
453
455
464
475
477
486
490
494
496
499
506
508
510
516
519
521
529
538
540
542
544
545
550
553
555
560
565
574
578
583
585
595
598
600
605
612
615
621
628
630
638
641
644
645
652
654
663
672
676
686
690
699
710
719
730
734
740
742
750
753
764
767
773
775
777
782
784
787
797
799
818
820
822
832
834
839
843
853
862
864
866
867
870
873
877
884
887
895
898
906
911
916
919
933
938
941
943
945
951
953
960
967
971
973
975
986
989
994
996
999
2239
2440
2592
2814
2991
6004
6016
6019
6027
6029
6035
6037
6039
6041
6049
6052
6057
6059
6061
6063
6073
6082
6085
6090
6095
6105
6115
6118
6121
6124
6128
6140
6146
6150
6162
6168
6171
6175
6183
6186
6189
6192
6195
6198
6204
6206
6208
6214
6216
6218
6223
6229
6232
6237
6239
6241
6246
6248
6252
6259
6261
6266
6270
6272
6279
6282
6284
6292
6304
6307
6314
6316
6319
6325
6327
6330
6349
6353
6357
6359
6361
6365
6370
6372
6379
6382
6384
6387
6393
6395
6404
6407
6409
6414
6417
6419
6425
6428
6430
6439
6441
6445
6449
6452
6457
6459
6461
6464
6466
6470
6472
6478
6482
6484
6486
6490
6493
6503
6505
6516
6518
6525
6528
6532
6534
6537
6539
6548
6550
6552
6559
6561
6563
6568
6570
6573
6575
6581
6584
6587
6590
6595
6605
6607
6610
6612
6614
6628
6636
6639
6648
6650
6658
6661
6663
6670
6672
6681
6683
6687
6690
6692
6694
6697
6705
6707
6714
6717
6725
6728
6734
6737
6739
6748
6751
6753
6758
6760
6762
6784
6788
6790
6793
6795
6797
6803
6812
6818
6820
6828
6834
6836
6847
6850
6852
6858
6861
6864
6869
6872
6892
6894
6896
6901
6903
6905
6907
6916
6918
6925
6928
6936
6944
6947
6949
6951
6953
6959
6961
6964
6970
6973
6976
6980
6983
6986
6991
6993
6996
7009
7011
7016
7020
7022
7030
7032
7034
7042
7044
7048
7072
7074
7076
7078
7084
7090
7095
7106
7110
7120
7123
7129
7131
7139
7141
7145
7146
7148
7151
7154
7165
7175
7179
7186
7193
7207
7210
7220
7222
7228
7235
7237
7241
7245
7251
7253
7257
7260
7265
7272
7277
7281
7296
7298
7300
7306
7308
7322
7327
7329
7343
7352
7356
7361
7363
7365
7369
7376
7383
7387
7389
7396
7399
7401
7417
7419
7421
7427
7430
7432
7434
7438
7442
7449
7460
7462
7464
7467
7473
7475
7477
7487
7497
7500
7506
7509
7511
7519
7522
7523
7527
7529
7531
7533
7538
7540
7543
7547
7550
7552
7554
7556
7561
7564
7566
7573
7575
7595
7597
7599
7610
7612
7615
7617
7619
7622
7630
7632
7634
7636
7640
7649
7655
7656
7660
7663
7665
7672
7679
7687
7697
7699
7706
7708
7710
7712
7719
7722
7728
7730
7733
7737
7741
7745
7747
7753
7762
7767
7773
7775
7777
7778
7781
7789
7800
7801
7806
7808
7811
7815
7818
7823
7827
7829
7832
7839
7850
7852
7854
7856
7860
7874
7877
7878
7881
7887
7895
7897
7899
7902
7904
7906
7911
7918
7920
7931
7934
7936
7940
7944
7952
7961
7963
7965
7971
7975
7978
7979
7984
7987
7992
7994
7997
7999
9008
9010
9012
9019
9022
9029
9031
9033
9039
9053
9064
9068
9069
9074
9078
9084
9086
9089
9090
9092
9095
9097
9103
9105
9111
9118
9120
9122
9128
9130
9132
9138
9142
9150
9153
9155
9161
9164
9166
9172
9174
9177
9184
9189
9190
9193
9195
9197
9199
9202
9204
9206
9208
9210
9217
9219
9222
9230
9232
9250
9253
9255
9259
9261
9265
9267
9268
9275
9283
9290
9295
9297
9299
9303
9306
9308
9310
9316
9320
9322
9326
9328
9330
9332
9339
9342
9349
9359
9362
9364
9370
9372
9376
9383
9385
9389
9396
9398
9411
9412
9418
9420
9426
9435
9438
9444
9445
9451
9455
9464
9468
9473
9484
9487
9489
9490
9496
9498
9505
9508
9510
9516
9518
9522
9523
9525
9529
9533
9537
9541
9543
9548
9550
9560
9566
9570
9572
9575
9577
9582
9584
9588
9593
9599
9601
9607
9609
9611
9617
9619
9629
9631
9634
9635
9641
9644
9649
9651
9654
9661
9665
9667
9670
9673
9675
9678
9681
9684
9689
9690
9695
9697
9700
9711
9712
9717
9726
9731
9733
9734
9739
9741
9743
9749
9759
9766
9767
9769
9771
9774
9777
9785
9787
9790
9791
9795
9798
9800
9804
9809
9812
9814
9819
9822
9827
9833
9834
9843
9849
9853
9861
9865
9870
9875
9877
9881
9884
9895
9897
9904
9906
9908
9915
9917
9919
9921
9927
9933
9938
9940
9942
9949
9952
9955
9959
9966
9967
9972
9974
9977
9985
9989
9992
9996
11010
11015
11037
11052
11055
11062
11065
11072
11074
11079
11089
11114
11116
11120
11122
11126
11130
11133
11141
11147
11150
11152
11157
11178
11186
11189
11204
11209
11222
11227
11230
11233
11248
11254
11256
11262
11266
11274
11277
11282
11286
11289
11296
11309
11315
11317
11322
11330
11340
11343
11351
11359
11362
11373
11376
11389
11394
11401
11407
11421
11429
11444
11450
11461
11467
11471
11478
11479
11488
11494
11508
11513
11523
11526
11528
11531
11535
11549
11562
11577
11580
11588
11590
11594
11602
11609
11620
11623
11628
11631
11640
11644
11647
11650
11653
11663
11667
11696
11705
11711
11714
11718
11728
11732
11746
11752
11755
11765
11773
11780
11786
11789
11790
11794
11798
11806
11808
11811
11812
11824
11830
11832
11834
11841
11844
11848
11851
11856
11859
11863
11871
11877
11881
11885
11887
11896
11905
11907
11909
11911
11918
11920
11926
11928
11941
11944
11951
11959
11964
11977
11978
11982
11986
11991
12004
12013
12048
12072
12092
12137
12193
12216
12248
12293
12315
12338
12348
12381
12404
12415
12515
12526
12537
12547
12568
12670
12792
12803
12827
12847
12869
12904
12923
12947
13004
13007
13009
13018
13020
13026
13028
13030
13035
13038
13041
13049
13060
13062
13068
13070
13072
13082
13085
13103
13105
13107
13112
13115
13117
13119
13124
13129
13138
13142
13146
13151
13162
13168
13173
13176
13182
13184
13186
13192
13194
13196
13203
13205
13207
13216
13219
13226
13235
13248
13251
13254
13259
13261
13268
13271
13274
13282
13284
13290
13294
13303
13305
13307
13314
13319
13328
13334
13337
13341
13349
13360
13362
13371
13373
13381
13384
13392
13394
13396
13401
13403
13415
13417
13425
13428
13438
13448
13450
13457
13462
13464
13470
13473
13475
13481
13485
13490
13492
13494
13497
13512
13518
13525
13529
13531
13536
13538
13548
13551
13553
13560
13562
13568
13573
13582
13584
13590
13593
13596
13604
13607
13612
13615
13617
13620
13626
13628
13637
13641
13647
13649
13651
13658
13663
13673
13675
13677
13683
13685
13693
13695
13703
13705
13707
13710
13712
13714
13717
13734
13748
13752
13761
13766
13772
13781
13784
13790
13793
13796
13803
13805
13807
13816
13818
13823
13825
13830
13845
13849
13851
13860
13871
13873
13881
13883
13893
13896
13903
13907
13909
13912
13918
13925
13927
13940
13945
13949
13951
13958
13961
13963
13969
13974
13980
13982
13985
13987
13992
15023
15034
15043
15045
15066
15076
15087
15092
15100
15114
15132
15142
15144
15166
15176
15190
15200
15215
15220
15225
15234
15243
15245
15262
15267
15287
15310
15320
15322
15331
15333
15340
15383
15386
15396
15412
15420
15424
15460
15475
15488
15494
15498
15509
15511
15525
15544
15553
15588
15600
15644
15645
15654
15667
15686
15706
15708
15714
15720
15730
15743
15753
15793
15798
15809
15821
15824
15840
15842
15844
15864
15866
15869
15897
15909
15919
15933
15941
15956
15965
15998
20011
20015
20020
20031
20034
20044
20053
20064
20077
20100
20109
20121
20134
20142
20144
20154
20165
20167
20176
20178
20185
20189
20199
20202
20212
20231
20240
20243
20245
20255
20263
20275
20286
20288
20296
20298
20300
20306
20308
20310
20312
20331
20333
20341
20344
20354
20362
20375
20377
20388
20398
20400
20409
20412
20417
20421
20424
20434
20451
20455
20464
20466
20469
20474
20485
20488
20493
20499
20509
20511
20516
20521
20531
20544
20552
20554
20559
20565
20573
20577
20587
20589
20597
20599
20606
20609
20617
20621
20623
20631
20643
20645
20653
20655
20667
20674
20678
20687
20697
20699
20707
20710
20718
20720
20733
20734
20738
20747
20753
20763
20765
20774
20787
20789
20800
20804
20807
20809
20822
20832
20835
20844
20852
20855
20864
20866
20874
20876
20878
20884
20887
20907
20919
20921
20942
20944
20949
20954
20964
20966
20967
20989
20998
23002
23014
23025
23036
23060
23070
23082
23103
23113
23114
23135
23162
23174
23180
23182
23192
23195
23202
23205
23215
23218
23227
23241
23258
23261
23264
23269
23273
23281
23284
23291
23302
23313
23321
23326
23342
23358
23361
23369
23372
23380
23386
23390
23391
23404
23413
23424
23427
23438
23445
23447
23450
23459
23461
23485
23491
23493
23504
23513
23520
23524
23535
23537
23546
23548
23557
23573
23580
23587
23589
23592
23594
23602
23604
23614
23627
23635
23647
23651
23658
23669
23671
23679
23681
23694
23699
23702
23704
23715
23724
23726
23729
23738
23740
23746
23750
23769
23771
23784
23790
23791
23793
23795
23802
23814
23817
23826
23837
23847
23868
23872
23879
23884
23890
23891
23893
23895
23897
23902
23912
23913
23918
23924
23927
23936
23939
23946
23949
23957
23960
23969
23985
23990
27006
27010
27021
27023
27026
27030
27042
27044
27055
27063
27065
27070
27075
27077
27086
27089
27090
27097
27100
27106
27119
27123
27131
27133
27138
27143
27145
27152
27163
27165
27174
27178
27186
27188
27199
27201
27205
27207
27211
27218
27233
27240
27244
27250
27253
27255
27257
27262
27265
27277
27279
27283
27286
27289
27294
27297
27301
27307
27310
27318
27322
27333
27334
27339
27353
27366
27368
27371
27373
27375
27377
27382
27385
27387
27390
27395
27397
27399
27408
27410
27412
27415
27418
27424
27437
27439
27443
27451
27453
27455
27464
27466
27472
27476
27478
27486
27497
27505
27508
27512
27519
27531
27534
27538
27542
27546
27550
27552
27556
27559
27564
27566
27574
27576
27586
27588
27596
27598
27604
27607
27609
27616
27620
27622
27623
27630
27642
27653
27664
27666
27675
27677
27685
27698
27709
27711
27718
27722
27727
27730
27732
27735
27737
27745
27753
27755
27760
27763
27765
27767
27776
27778
27785
27787
27793
27797
27800
27805
27808
27811
27820
27822
27826
27828
27832
27838
27841
27854
27857
27865
27867
27868
27871
27877
27886
27895
27900
27907
27910
27921
27931
27943
27952
27962
27973
27984
27988
27997
27999
33024
33137
33281
33293
33348
33392
33426
33473
33526
33570
33582
33592
33614
33703
33793
33801
33815
33825
33903
33912
33992
34004
34006
34009
34012
34015
34017
34019
34023
34024
34028
34030
34032
34038
34043
34046
34048
34054
34059
34061
34066
34071
34073
34075
34093
34107
34110
34116
34120
34127
34129
34131
34133
34135
34138
34141
34149
34151
34153
34157
34159
34161
34165
34167
34172
34174
34176
34179
34182
34184
34186
34193
34196
34200
34201
34205
34207
34210
34214
34217
34219
34221
34227
34232
34238
34240
34243
34246
34251
34260
34262
34264
34268
34270
34272
34274
34282
34284
34286
34288
34290
34292
34294
34296
34298
34303
34305
34307
34309
34312
34314
34316
34328
34330
34332
34340
34342
34348
34350
34352
34359
34361
34364
34366
34370
34372
34374
34376
34381
34384
34386
34390
34393
34395
34399
34405
34407
34414
34416
34419
34427
34429
34432
34437
34440
34442
34445
34450
34459
34461
34463
34465
34470
34473
34475
34477
34481
34484
34487
34494
34496
34498
34501
34505
34507
34514
34516
34518
34520
34525
34527
34529
34534
34537
34539
34541
34551
34560
34562
34566
34568
34570
34573
34583
34586
34588
34594
34601
34604
34606
34608
34610
34614
34617
34619
34621
34625
34629
34632
34634
34638
34640
34642
34647
34649
34652
34656
34659
34661
34663
34667
34670
34672
34674
34684
34688
34690
34692
34694
34696
34698
34703
34707
34714
34716
34718
34723
34731
34736
34738
34741
34745
34747
34749
34751
34755
34760
34763
34765
34772
34781
34784
34786
34793
34795
34797
34800
34801
34805
34807
34809
34816
34818
34823
34826
34831
34837
34839
34847
34849
34851
34853
34856
34858
34860
34862
34864
34870
34872
34874
34877
34880
34882
34884
34887
34889
34893
34895
34898
34904
34907
34915
34925
34927
34930
34934
34937
34940
34949
34951
34953
34958
34961
34963
34969
34971
34974
34977
34978
34981
34985
34988
34993
34995
34997
34999
35001
35005
35017
35049
35073
35104
35215
35230
35237
35272
35283
35293
35304
35314
35337
35360
35381
35403
35448
35481
35503
35525
35527
35538
35581
35583
35604
35628
35670
35684
35712
35716
35728
35737
35769
35795
35803
35815
35847
35860
35881
35915
35937
35947
35950
35960
35994
36011
36014
36023
36028
36043
36045
36055
36057
36066
36075
36078
36088
36090
36103
36110
36117
36122
36138
36144
36155
36166
36176
36228
36230
36234
36256
36277
36288
36307
36320
36329
36333
36344
36351
36353
36365
36369
36377
36381
36387
36389
36409
36422
36431
36439
36442
36456
36464
36467
36472
36474
36476
36480
36485
36488
36500
36509
36541
36545
36559
36572
36577
36587
36597
36609
36615
36617
36622
36629
36632
36634
36637
36652
36664
36666
36686
36689
36696
36700
36709
36714
36718
36722
36729
36733
36743
36752
36755
36756
36772
36789
36798
36800
36804
36811
36820
36822
36833
36855
36861
36864
36873
36877
36878
36884
36886
36907
36909
36941
36943
36946
36958
36966
36972
36976
36985
41009
41011
41016
41022
41027
41039
41049
41052
41054
41062
41064
41067
41090
41094
41098
41109
41116
41118
41127
41131
41139
41154
41172
41174
41183
41187
41194
41196
41199
41209
41220
41232
41248
41251
41260
41272
41275
41285
41298
41306
41319
41334
41339
41341
41343
41346
41350
41360
41364
41373
41377
41385
41398
41405
41407
41416
41427
41438
41443
41450
41453
41462
41468
41490
41493
41497
41505
41512
41520
41526
41528
41539
41542
41545
41550
41556
41560
41563
41567
41576
41587
41594
41596
41606
41608
41617
41623
41626
41638
41642
41650
41653
41659
41661
41663
41671
41676
41684
41698
41703
41708
41712
41714
41716
41718
41720
41722
41727
41731
41736
41754
41759
41772
41783
41795
41797
41805
41816
41818
41820
41829
41834
41838
41861
41875
41878
41882
41885
41895
41897
41908
41919
41934
41936
41948
41960
41962
41966
41967
41977
41982
41984
41992
41994
44011
44042
44065
44076
44088
44123
44144
44156
44188
44200
44225
44245
44267
44271
44310
44321
44331
44364
44387
44400
44412
44442
44453
44456
44466
44487
44517
44521
44533
44545
44559
44576
44586
44621
44655
44656
44665
44697
44700
44711
44730
44744
44745
44755
44765
44767
44775
44791
44820
44827
44831
44855
44878
44888
44899
44931
44974
44978
44985
45858
10085
10319
10356
10386
10387
10410
10462
10522
10623
10712
10765
10807
10867
22007
22008
22018
22020
22021
22022
22023
22030
22033
22034
22040
22041
22042
22051
22074
22076
22084
22088
22089
22095
22100
22105
22106
22111
22118
22122
22127
22129
22130
22131
22132
22138
22140
22151
22152
22173
22174
22175
22176
22183
22184
22185
22189
22190
22196
22197
22198
22199
22206
22207
22208
22216
22230
22241
22242
22243
22244
22246
22254
22261
22262
22263
22283
22285
22286
22287
22288
22305
22306
22309
22322
22327
22328
22329
22330
22331
22341
22350
22351
22352
22353
22354
22362
22366
22372
22373
22374
22375
22384
22385
22390
22394
22395
22397
22401
22408
22410
22411
22412
22416
22418
22423
22432
22443
22444
22445
22451
22452
22453
22461
22462
22463
22464
22473
22474
22479
22488
22490
22505
22507
22508
22510
22511
22516
22517
22518
22519
22529
22530
22531
22532
22533
22563
22564
22566
22567
22575
22586
22587
22588
22596
22597
22609
22610
22611
22615
22617
22619
22620
22622
22627
22639
22650
22651
22662
22663
22664
22665
22674
22675
22676
22695
22712
22718
22721
22722
22723
22727
22728
22729
22734
22739
22751
22764
22767
22771
22784
22785
22787
22788
22789
22798
22799
22807
22808
22809
22810
22818
22829
22839
22850
22851
22852
22854
22860
22862
22873
22874
22882
22883
22884
22885
22886
22896
22897
22917
22920
22921
22922
22932
22940
22945
22956
22967
22974
22975
22976
22977
22983
22984
22986
22995
22996
22999
31124
31337
31937
23010
23011
23022
23023
23033
23034
23044
23045
23055
23056
23066
23067
23078
23079
23089
23090
23100
23101
23111
23121
23123
23133
23134
23142
23144
23145
23156
23166
23167
23177
23178
23188
23189
23199
23200
23201
23209
23210
23211
23212
23222
23233
23234
23244
23245
23254
23255
23256
23267
23277
23278
23289
23299
23300
23301
23311
23312
23320
23322
23323
23333
23344
23345
23356
23366
23367
23376
23377
23378
23388
23389
23399
23400
23410
23411
23421
23422
23423
23432
23433
23434
23443
23455
23456
23464
23466
23467
23477
23478
23489
23497
23499
23510
23511
23522
23531
23533
23534
23545
23554
23555
23565
23567
23576
23578
23588
23599
23600
23610
23611
23631
23633
23643
23644
23654
23655
23656
23664
23665
23666
23677
23678
23689
23698
23700
23710
23711
23721
23722
23733
23743
23744
23753
23754
23756
23765
23775
23777
23789
23800
23811
23820
23822
23833
23844
23855
23864
23866
23876
23877
23878
23888
23889
23899
23900
23910
23920
23921
23932
23933
23943
23944
23955
23964
23965
23966
23976
23977
23987
23988
23989
23999
10122
10123
10179
10190
10201
10212
10322
10323
10390
10411
10497
10498
10499
10520
10521
10678
10799
10800
10878
10909
10910
22011
22012
22032
22045
22054
22055
22056
22064
22065
22066
22067
22075
22077
22078
22079
22090
22099
22101
22108
22109
22110
22119
22123
22134
22142
22143
22144
22145
22155
22156
22164
22165
22166
22167
22186
22187
22188
22209
22210
22211
22219
22220
22221
22231
22232
22233
22265
22276
22289
22290
22297
22298
22299
22300
22301
22312
22319
22323
22342
22355
22367
22377
22378
22387
22388
22389
22398
22399
22400
22433
22434
22440
22441
22442
22455
22456
22466
22475
22476
22478
22485
22486
22498
22499
22512
22520
22521
22522
22523
22534
22541
22542
22543
22544
22545
22554
22555
22565
22577
22578
22589
22599
22600
22630
22631
22632
22633
22634
22642
22643
22644
22645
22652
22653
22654
22656
22666
22686
22687
22688
22689
22698
22699
22700
22710
22711
22719
22720
22730
22731
22732
22744
22745
22756
22765
22766
22776
22777
22778
22811
22820
22821
22822
22830
22831
22832
22833
22834
22845
22853
22856
22864
22865
22866
22867
22878
22887
22888
22899
22900
22908
22909
22931
22933
22941
22952
22953
22954
22955
22962
22963
22964
22965
22966
22973
22978
22987
22988
22989
22998
