000000000000000000000001000000000000010000000000000000000000000000000000000000000000000000000000000000000000000000010000000000000000000
000000000000000000001000000000000000000000000000000000000100010000000000010000000110000000000000100001100000000000010000000000000001000
000000000000000000000000000000010000000000000000000000000000000000000000000000000000000000000000000000000000000000000000000000000000100
000000000000000000010011000000000000000000000000000000000100000000000000000000000000000000000000000000100000000000000000000000000000000
000000000000000000000001000000000000000000000000000000000000000000000000000000000000000000000000000000000000000000010000000000000000000
000000000000000000000001000010000000000000000000001000000000000000000000000000000000000000000000000000000000110000010000000000000000000
000000000000000000000000000000000000000000000000000000000100000000000000000000000100000000000000000000100000000000000000000000000000000
000000000000000000000000000000000000000000000000000000000000100000000000000100000000000000000000000010000000000000010000000000000000000
000000000000000000000001000000000000010000000000000000100000100000000000000000000000000000000100000000000000000000010000000000000000000
000000000000000000100010000000000000000000100000000000000100100000000011000000000110000000000000100001100000000000010000000000000000000
001000000000100000010001000000000001000000000000000000000000000000000000000000000000000000000000000000000000000000000000000010000000000
000000000000000000000001000000000000000000110000000000000100000000000000000000000000000000000000000000100000000000010000000000000000000
000000000000000000000001000000100100010000000000000000000000000000000000000000000000000000000000000000000100000000000000000000000000000
000000000000000000000000000000000000010000000000000000000000000000000000000000000000000000000000000000100000000000010000000000000000000
000000000010000000010001000000000100100000000000000000000000000000000000000000000000000000000000000000000000000000010000000000000001000
010000000000000000000001000000000000000000000000000000000000000000000000000000000000000000000000000000000000000000010000000000000001000
000000000000000000000000000000000000000000000000000000000100000000000000000000000000000000000000000000100001000000010000000000000001000
000000000000000000000001000000000000010000000000000000000000000000000000000000000000000000000000000000000000000000000000000000000000000
000000000000000001001000100000000000000000000000000000000100100000000000000000000100000000000000000000100000000000000000000000000001000
000000000000000000000001000000000000000000000000000000000100000000000000000000000000000000000100000000000000010000000000000000000000001
000000000000000000000001000000000000000000000000000000000100000000000000000000000100001000000000100001100000000001010000000000000000000
000100000000000000000000000000000000000000000000000000000100000000000000010000000110000000000000000000100000000000000000000000000000001
000000000000000000000001000000000000000000000000000000000100000000000000000000000000000000000000000000100000000000010000000000000001000
000000000000000000000000000000000000010000000000000000000100000000000000000100000000001001000000000000100000000000010000000000001000000
000100000000000000110011000000000000000000000000000000000100000000000001000000000000000000000000000000100001000000010000000000000001000
000000000000000100000001000000100000010000000000000000000000000000000000000000000000000000000000000000000000000000010000000000000000010
000000000000000000000000000000000100000000000000000000000000000000000000000000000000000000000000000000000100000000000000000000000000000
000000000000000000000001000010000000000000000000000000000000000000000000000000000000000000000000000000000000110000010000000000000000000
000000000000000000000001000000000000000000000000000000000100100000000000000000000000000000000000000000100000000000010000000000000000000
000000000000000000000001000000100000010000000000000000000000000010000000000100000000000000000000000000000000000000010000000000000000000
000000000000000000000001000000000000010000000000000000000100000000000000000000000100000000000000000000100000000000000000000000001000000
000000000000000000000000000000000000000000000000000000000100000000000000000000000000000000000000000000100000000000000000000000000000000
000000000000000100000001000000000000010000000000000000000000000000000000000000000000000000000000000000000000000000010000000000000000010
000000000000000000000001000000000000000000000000000000000000000000000000000000000000000000000000000000000000110000010000000000000000000
000100000000000000000000000000000000000000000000000000000100000000000000010000000110000000000000100000100000000000000000000000000000001
000000000000000000000000000000000000000000000000000000000000000001100000000000000000000000000000000000100001000000000000000000000000000
010000000000000000011000000000000000000000000000000000000100000000000000001000000000001100000000000000100000000000010010000000001001000
000000000010000000000001000000000000000000000000000000000000000000000000000000000000000000000000000000000000000000010000000000000000000
000000000000000000001000000000010000000000000000100000000000000000000000000000000000000000000000000000000000000000000000000000100000100
000000000000000000000000000000000000000000000000000000000000100000000000000000000000000000000000000010000000000000000000000000000000000
000000000000000000000010000000000000000000100000000000000100100000000010000000000100000000000000100001100001000000010000000000000000001
000000000100000000000000000000000000000000000000000000000100000000000000000000000000000000000000000000100000000000010000000000000001000
000000000000000000000000000000000000000000000000000000000000000000000000000000000000000000000000000000000000000000000000000000000000000
000000000000000000000000000000000000000000000000000000000000100000000000000000000000000000000000000010000000000000010000000000000000000
000000000000000000000001000000000000000100000000000010000100000000001000000000010000001000000000000100100000000000010000000000000001000
000000000000000000000001000000000000000000000000000000000000100000000000000000000000000000000000000010000000000000010000000000000000000
000000000000000000000001000000000000010000000000000000000000100000000000000000000000000000000000000000100010000000000000000000000000000
