734
846
1
3
7
23
28
36
45
82
98
147
164
171
197
289
309
355
527
624
661
709
724
820
866
914
961
967
1189
1221
1279
1331
1337
1350
1355
1455
1537
1688
1695
1754
1793
1828
1859
1870
1905
1953
1984
2106
2127
2134
2223
2322
2326
2335
2356
2358
2365
2398
2415
2423
2433
2437
2460
2546
2639
2640
2643
2650
2689
1
3
7
23
28
36
45
82
98
147
164
171
197
289
309
355
527
624
661
709
724
820
866
914
961
967
1189
1221
1279
1331
1337
1350
1355
1455
1537
1688
1695
1754
1793
1828
1859
1870
1905
1953
1984
2106
2127
2134
2223
2322
2326
2335
2356
2358
2365
2398
2415
2423
2433
2437
2460
2546
2639
2640
2643
2650
2689
