0000000000000000000000000000000000000000000000000000000000000000000000000000000000000000000000000000000000000000000000000000000000000000000000000000000000000000000000000000000000000000000000000000000000000000000
0000000000000000000000001000000000000000000000000100000000000000000000000000000000100000000000000000000000000000000000000000000000000000000000000010000100001000100000000000000000001000000000000000000000000000000
0000100000000000000000011000000000000000000000000000000000000000000000000000000000000000000000000001000000000000000000000000000000000000000000000000000000000000000001000000000000001000000000000000000000100000000
0000000000000000000000000000010000000000000000000000000000000000000000000000000000000000000000000000000000000000000000000000000000000000000000000000000000000000000000000000000000001000000000000000000000000000000
0000000000000000000000000000000000000000000000000000000000000000000000000000000000000000000000000000000000000000000000000000000000000000000000010000000000000000000000000000000000000000000000000000000010000000000
0000000000000000000000000000010000000000000000100000000100000000000000000000000000100000000000000000000000000000000000000000000000000000000000000000000000000000000001000000000000001010000000000000000000000000000
0000000000000000000000000000000000000000000000000000000000000000000000000000100000100000000000000000000100000000000001000100000000000000000000000100000010000000000000000000000000001000000000000000000000100000000
0000000000000000000000000000010000000000000000000000000000000000000000000000000000000000000000000000000000000000000000000000000000000000000000000000000000000000000000110000000000001000000000000000000000000000000
0000000000000000000010000000010000000000000000001000000000000100000000000000000000000000000000000000000000000000000000000000000000000000000000000000000000000000000000000100000000000000000000000000000000100000000
0000000000000000000000010000010000000000000000000000000000000000000000000000100000000000000000000000000000000000000000000000000000000000000000000000000000000000000000000000000000001000000000000000000000000000000
0010100000000000000000001000000000000000000000000000000000001100000000000000100000100000000000000000000010000000000000000000000010100000000000000000000000000000000001000000000000001010100000000000000000000001000
0000000000000000000110001000100000000010000000000000000000000000000000000000100000000000000000000000000000000000000000000000000000000000000000000000000000000000100000000000000000001000000000000000000000100000000
0000100000000000010000011000110000000000000000000001000000010100000000000000100000000000000000000001000000000000000000000000000000000000000000000000000000000100010001000000000000001010100000000010000000100001000
0000110000000000000000000100000000000000001000000100000000000100000000000000100000000100010000000000000001100000000000000100000000000000000000000000000010000000010010000000000000001000000000000000000010000000000
0000000000000000000000000000000000000000000000000000000000000000000000000000000000000000000000000000000000000000000000000000000000000000000000000000000001000000000000000000000000000000000000000000000000000000000
0001000000000000010000001000010000000000000000000001000000000000000000000000000000000000000000000000000000000000000000000000000000000000000000000000000000000000000000000000000000000000000000000001000000000000000
0000000000000000000000000000010000000000000000000000000100000000000000000000000000000000000000000000000000000000000000000000000000000000000000000000000000000000000000000000000000000000000000000000000000000000000
0000000000000000000000000000010000000000000000000000000000000000000000000000000000000000000000000000000000000000000000000000000000100000000000000000000000000000000000100000000000001000000000000000000000100000000
0000000000000000000010000000000000000000000000000000000000000000000000000000000000000000000000000000000000000000000000000000000000000000000000000000000000000000000000000000000000000000000000000000000000000000000
0000000000000000000000000000000000000000000000000000000000000000000000000000000000000000000000000000000000000000000000000000000000000000000000000000000000000000000000010000000000000000000000000000000000000000000
0000000000000000000000000000000000000000000000000000000000000000000000000000100000000000000000000000000000000000000000000000000000000000000000000000000010000000000000000000000100001000000000000000000010000000000
0000000000000000000000000000000000000000000000000000000000000000000000000000100000000000000000000000000000000000000000000000000000000000000000000000000001000000000000000000000000000000000000000000000000100000000
0000000000010000000000000000000000000000000000000000000000000000000000000000000000000000000000000000000000000000100000000000000000100000000000000000000000000000000000000000000000000000000000000000000000100000000
0000000001100000000000000000000000000000000000000000000000000000000000000000100000000000000000000000000000000000000000000000000000000000000000000000000000000000000001000000000000000000000000100000000000100000000
0000101000000000000000000000100000000000000000000000000000000000000000000000110000000000000000000000000100000000000001000100000010000000000000000000000010000000000000000010000000000000000000000000000000000000000
0000000000000000010000000000000000000000000000000001000000000000000000000000000000000000000000000000000000000000000000000000000000000000000000000000000000000000000000000000000000000000000000000000000000000000000
0000000000000000000000000000010000000000000000000000000100000000000000000000000000000000010000000000000001000000000000000000000000000000000000000000000000000000000000000000000000001000000000000000000000000000000
0000000000000000000000000000010000000000000000000000000000000000000000000000100000000000000000000001000000000000000000000000000000000000000000000000000000000000000000000000000000000000000000000000000000000000000
0000000000000000000000000000000000000000000000000000000000000000000000000000000010000000010000000000000000000000000000000100000000000000000000000000000000000000010000000000000000001000000000000000000000000001000
0000000000000000000000000000000000000000000000000000000000000000000000000000000000000000010000000000000000000000000000000000000000000000000000000000000000000000000000000000000000000000000000000000000000000000000
0000000000000000000000001000000000000000000000000100010000000000000000000000000000000000000000000000000001000000000000000000000000000000000000000000000000000000000000000000000000000000000000000000000000000000000
0000000000001000000000000000010000000000000000000100000100000000000000000000000000000000000000000000000000000000000000000000000000000000000000000000000000000000000000000000000000001000000000000000000000100000000
0000001000000000000100000000010000000000000000000000000000000000000000000000100000000000000000000000000000000100000001000110000010000000000000000100000010000000000000000000000100001000000000000000000001000000000
0000000000000000000000000000000000000000000000000000000000000000000000000000000000000000000000000000000000000000000000000000000000000000000000000000000000000000000001000000000000000000000000100000000000100000000
0000000000000000000000000000010000000000000000000000000000000000000000000000000000000000000000000000000000000000000000000000000000000000000000000000000000000000000000000000000000001000000000000000000000001000000
0000000000000000000000001000010000000000000000000000000000001000000000000000100000000000000000000000000000000000000000000000000000000000000010000000000000000000100001000000000000001000000000000000000010100000000
0000000000000100000000011000010000000000000000000000000000001000000000000000100000000000100000000000000000000000000000000000000000000000000000000000000000000100110001000000000000001001000000000000000010100000000
0000000000000000000000000000010000000000000000100000000100000000000000000000000000000000000000000000000000000000000000000000000000000000000000000000000000000000000000000000000000001000000000000000000000000000000
0000100000000000000000011000110000000000000001000000000000000000000000000000000000000000000000000001000000000000000000000000000000000000000000000000000000000100000001000000000000001010000000001000000000000001000
0010000000000000000000011000010000000000000000000000000100000000000000000000100000100000010000000001000001000000000001000100000000000000000000000100000010000000000000000000000100001000000000000000000010000000000
0000000000000000000000000000000000000000000000000000000000000000000000000000000000000000000000000000000100000000000000000000000000000000000000000000000000000000000000000000000000000000000000000000000000000000000
0000000000000010000000000100010000001000000000000000000000000000000000000000100000000000100000000000000000000000000000000000000000000000000000000000000010000000100001000000000000000011100000000000010010000000000
0000000000000000000000000000010000000000000000000000000100000000000000000000000000000000000000000000000000000000000000000000000000000000000000000000000000000000000000000000000000001000000000000000000000000000000
0000000000000000000000000000000000000000000000000000000000000000000000000000000000100000001100000000000000000000000000000000000000000000000000000000000000000000000001000000000000000000000000000000000000000000000
